s t h tm
0 1 0 0.00344833973989
0 1 1 0.0123754580051
0 2 0 0.0206834888188
0 2 1 0.0131819618112
0 3 0 0.000306996449787
0 3 1 0.000352865007213
0 4 0 0.00774311116965
0 4 1 0.00173562436235
0 5 0 0.000771098965078
0 5 1 0.00994121546992
0 6 0 0.00318457821287
0 6 1 0.000345694637134
0 7 0 0.00743708614012
0 7 1 0.00266071632288
0 8 0 0.0219043956482
0 8 1 0.00405572607484
0 9 0 0.00599391979175
0 9 1 0.00825351426625
0 10 0 0.000920824568036
0 10 1 0.00209938920996
0 11 0 0.00831303812464
0 11 1 0.00168332851236
0 12 0 0.00048752074286
0 12 1 0.00018286467714
0 13 0 0.0068003615688
0 13 1 0.0043283924602
0 14 0 0.0240069767446
0 14 1 0.00444012541643
0 15 0 0.00792372600843
0 15 1 0.00383534126057
0 16 0 0.000392056921258
0 16 1 0.000397427513742
0 17 0 0.00227973840997
0 17 1 0.000293297915031
0 18 0 0.00556702772397
0 18 1 0.026500760501
0 19 0 0.000904693061408
0 19 1 0.000908185469592
0 20 0 0.00388630594459
0 20 1 0.0252814416994
0 21 0 0.000150184157775
0 21 1 0.0805705148912
0 22 0 0.000321694701125
0 22 1 0.0246269301339
0 23 0 0.014593188406
0 23 1 0.013674210399
0 24 0 0.000152397342254
0 24 1 0.000181997742746
0 25 0 9.59912391978e-05
0 25 1 0.000450704499802
0 26 0 6.20802460784e-05
0 26 1 0.00334008360192
0 27 0 0.0312160131769
0 27 1 0.0013607626891
0 28 0 0.00713699231644
0 28 1 0.0140999134876
1 0 0 0.00225842512179
1 0 1 8.42122332068e-05
1 2 0 0.000886280011033
1 2 1 0.00187200521497
1 3 0 2.76982338431e-05
1 3 1 2.60463961569e-05
1 4 0 0.000464569192205
1 4 1 0.000307458218795
1 5 0 0.000144369950263
1 5 1 0.000728130432737
1 6 0 6.61947414383e-05
1 6 1 0.000221340172562
1 7 0 0.000807037350133
1 7 1 1.54120438665e-05
1 8 0 7.77041615623e-05
1 8 1 0.00203670503344
1 9 0 0.00062876501144
1 9 1 0.00053166504756
1 10 0 0.000125265025505
1 10 1 0.000120726416495
1 11 0 0.000233326874459
1 11 1 0.000580860738541
1 12 0 3.10476555224e-05
1 12 1 2.35541334776e-05
1 13 0 0.000376182874132
1 13 1 0.000530235828868
1 14 0 0.00173336859668
1 14 1 0.000583601063316
1 15 0 0.000669929804759
1 15 1 0.000287826874241
1 16 0 5.57864411392e-05
1 16 1 8.51576686078e-06
1 17 0 0.000144934497206
1 17 1 6.46350777943e-05
1 18 0 0.00124102371557
1 18 1 0.00137084486543
1 19 0 0.000126755332468
1 19 1 2.09006405316e-05
1 20 0 0.000247055593157
1 20 1 0.00212860945484
1 21 0 0.0020334208378
1 21 1 0.0045411472692
1 22 0 0.00161457662096
1 22 1 0.00041744781704
1 23 0 0.000278474792637
1 23 1 0.00202385832436
1 24 0 1.84581440211e-05
1 24 1 8.7777849789e-06
1 25 0 3.49637103203e-05
1 25 1 9.56375767974e-06
1 26 0 0.000124541664412
1 26 1 0.000152558982588
1 27 0 0.00219313467169
1 27 1 0.000460190115312
1 28 0 0.00143505952131
1 28 1 0.000294651509688
2 0 0 0.00480969725325
2 0 1 0.00278047556375
2 1 0 0.00276406509196
2 1 1 0.00141173440504
2 3 0 1.55422371638e-05
2 3 1 0.000158591000836
2 4 0 0.00103125492753
2 4 1 0.00147012304147
2 5 0 0.00221214177311
2 5 1 0.000614769815889
2 6 0 0.000880171827621
2 6 1 5.14447053791e-05
2 7 0 0.00251739709662
2 7 1 0.000147348694378
2 8 0 0.00245025015693
2 8 1 0.00440046071407
2 9 0 0.00154167097718
2 9 1 0.00221813617782
2 10 0 0.000156934097204
2 10 1 0.000640081092796
2 11 0 0.00243048139559
2 11 1 0.000207496127407
2 12 0 0.000174921493763
2 12 1 1.9889512373e-06
2 13 0 0.00133149613628
2 13 1 0.00160531121072
2 14 0 0.0036282254645
2 14 1 0.0038787837135
2 15 0 0.00100783835313
2 15 1 0.00209530464587
2 16 0 1.36078227562e-05
2 16 1 0.000194732094244
2 17 0 0.000260709569328
2 17 1 0.000418298337672
2 18 0 0.00695630581312
2 18 1 0.00150617936888
2 19 0 0.000135859020223
2 19 1 0.000342548083777
2 20 0 0.00552041483867
2 20 1 0.00217676809433
2 21 0 0.00927759406692
2 21 1 0.0120240845771
2 22 0 0.00266306985213
2 22 1 0.00392071342887
2 23 0 0.00321489960976
2 23 1 0.00424468699624
2 24 0 3.56367218071e-05
2 24 1 5.26080121929e-05
2 25 0 0.000112120631093
2 25 1 3.21488949067e-05
2 26 0 0.000251895404034
2 26 1 0.000645913978966
2 27 0 0.00528513030032
2 27 1 0.00331167348068
2 28 0 0.0038005968945
2 28 1 0.0018036873615
3 0 0 4.71200620763e-05
3 0 1 0.00219335466492
3 1 0 0.00034378413681
3 1 1 0.00088883249319
3 2 0 0.00150631363245
3 2 1 0.00113168252455
3 4 0 0.000286077030461
3 4 1 0.000452282195539
3 5 0 0.000447832666532
3 5 1 0.000386617895468
3 6 0 7.82637005252e-05
3 6 1 0.000196731790475
3 7 0 0.00075887365334
3 7 1 2.77086476597e-05
3 8 0 0.0018261574191
3 8 1 0.000196042198902
3 9 0 0.000381587890342
3 9 1 0.000728235708658
3 10 0 3.59311457765e-05
3 10 1 0.000199332587223
3 11 0 0.000522570442219
3 11 1 0.000256110374781
3 12 0 3.3711914286e-05
3 12 1 1.8508685714e-05
3 13 0 0.000285833139144
3 13 1 0.000581056561856
3 14 0 0.00105694460031
3 14 1 0.00115898180169
3 15 0 0.000573067841085
3 15 1 0.000342920981915
3 16 0 5.46113652921e-05
3 16 1 6.8866177079e-06
3 17 0 6.9263348455e-05
3 17 1 0.000131166877545
3 18 0 0.000356918743766
3 18 1 0.00214104601123
3 19 0 3.23977066932e-05
3 19 1 0.000108818976307
3 20 0 0.0019507382579
3 20 1 0.0003213238221
3 21 0 0.0028549276681
3 21 1 0.0034329229259
3 22 0 0.00122197437075
3 22 1 0.000721433297248
3 23 0 0.00181197170576
3 23 1 0.000389956454239
3 24 0 3.56896026233e-06
3 24 1 2.24792077377e-05
3 25 0 2.10190609897e-05
3 25 1 2.15665600103e-05
3 26 0 5.85143901057e-05
3 26 1 0.000206501872894
3 27 0 0.000714727669959
3 27 1 0.00182288538204
3 28 0 0.000718490098185
3 28 1 0.000935788077815
4 0 0 0.0212480111132
4 0 1 0.0083700694168
4 1 0 0.000773620919568
4 1 1 0.0155210233224
4 2 0 0.016899106082
4 2 1 0.017974031139
4 3 0 0.000160605658462
4 3 1 0.000518890367538
4 5 0 0.00977303579506
4 5 1 0.00125802991594
4 6 0 0.000761003466031
4 6 1 0.00287431474897
4 7 0 0.00354733339882
4 7 1 0.00685093517118
4 8 0 0.018941721086
4 8 1 0.00779085947204
4 9 0 0.01250490061
4 9 1 0.00216647430801
4 10 0 0.00134729220628
4 10 1 0.00176278982572
4 11 0 0.00289190122476
4 11 1 0.00740191323724
4 12 0 0.000485576416772
4 12 1 0.000204756720228
4 13 0 0.00676284678426
4 13 1 0.00469704992774
4 14 0 0.0210879580195
4 14 1 0.00820560455647
4 15 0 0.0100762534153
4 15 1 0.00203271188268
4 16 0 0.00076359342429
4 16 1 4.93825887103e-05
4 17 0 0.00088772728732
4 17 1 0.00176187126168
4 18 0 0.0156702935353
4 18 1 0.0173516907687
4 19 0 0.0011706617421
4 19 1 0.000696160065895
4 20 0 0.0246628580912
4 20 1 0.00537279320282
4 21 0 0.0661739400884
4 21 1 0.0169486512886
4 22 0 0.0152287371503
4 22 1 0.0104622488297
4 23 0 0.023942210571
4 23 1 0.00516630146899
4 24 0 0.000189221873869
4 24 1 0.000155123335131
4 25 0 0.000119689182664
4 25 1 0.000443273813336
4 26 0 0.00125733613072
4 26 1 0.00224606112228
4 27 0 0.000909796414889
4 27 1 0.0326363207591
4 28 0 0.0180124584546
4 28 1 0.00385636409139
5 0 0 0.0063668560676
5 0 1 0.0018720577344
5 1 0 0.0042368531313
5 1 1 0.000295856852698
5 2 0 0.000740581525895
5 2 1 0.00896014068211
5 3 0 6.72516828654e-05
5 3 1 0.000121764927135
5 4 0 0.00175696906638
5 4 1 0.000958204615616
5 6 0 0.000731494667441
5 6 1 0.000279748224559
5 7 0 0.00280356456605
5 7 1 8.89401779548e-05
5 8 0 0.00351329615868
5 8 1 0.00392295301632
5 9 0 0.00381136457036
5 9 1 0.000269797717644
5 10 0 0.00016478923121
5 10 1 0.00070034778379
5 11 0 0.00275849545381
5 11 1 0.000104953106187
5 12 0 4.20897666959e-05
5 12 1 0.000149941422304
5 13 0 5.1823900096e-05
5 13 1 0.0031359958199
5 14 0 0.00426217411834
5 14 1 0.00388646795066
5 15 0 0.00133714635361
5 15 1 0.00203122592239
5 16 0 0.000104268891751
5 16 1 0.000121878082249
5 17 0 0.000259566295818
5 17 1 0.000477477215182
5 18 0 0.00864360685162
5 18 1 0.000542176878384
5 19 0 0.000467643322201
5 19 1 5.16537987991e-05
5 20 0 0.00752445313258
5 20 1 0.00083061706642
5 21 0 0.0219926043517
5 21 1 0.00112975378434
5 22 0 0.00637657578403
5 22 1 0.000769931186973
5 23 0 0.00698047103443
5 23 1 0.00111669519957
5 24 0 6.88092157206e-05
5 24 1 2.69778992794e-05
5 25 0 9.73252962363e-05
5 25 1 5.92751147637e-05
5 26 0 0.000786737514122
5 26 1 0.000187808690878
5 27 0 0.00311291182317
5 27 1 0.00621867087283
5 28 0 0.00160199617432
5 28 1 0.00448129283968
6 0 0 0.000327262561785
6 0 1 0.000343679186215
6 1 0 1.0866757475e-05
6 1 1 0.000358257672525
6 2 0 0.000265928948406
6 2 1 0.000524056196594
6 3 0 1.42761355123e-05
6 3 1 1.1165654877e-06
6 4 0 5.43299825331e-05
6 4 1 0.000166782098467
6 5 0 0.000243710083492
6 5 1 6.17790250808e-06
6 7 0 6.0855276061e-05
6 7 1 0.000174697884939
6 8 0 0.000364500031401
6 8 1 0.000241076157599
6 9 0 9.09889170554e-05
6 9 1 0.000241363407945
6 10 0 1.48774286534e-05
6 10 1 5.55756133466e-05
6 11 0 6.39337072235e-05
6 11 1 0.000169253242777
6 12 0 1.24694644322e-06
6 12 1 1.43912485568e-05
6 13 0 0.000258697904501
6 13 1 9.04439498848e-07
6 14 0 0.000570160574439
6 14 1 9.34298315607e-05
6 15 0 0.000167269453401
6 15 1 0.000107036314599
6 16 0 1.63355339502e-05
6 16 1 2.0809040498e-06
6 17 0 2.09623393986e-07
6 17 1 5.9812033606e-05
6 18 0 0.00024649243231
6 18 1 0.00050155833469
6 19 0 1.72777854029e-05
6 19 1 2.50115415971e-05
6 20 0 0.000462675338056
6 20 1 0.000217725687944
6 21 0 7.85042998805e-05
6 21 1 0.00180448121912
6 22 0 0.00017123704089
6 22 1 0.00041074378711
6 23 0 0.000344567650283
6 23 1 0.000314830784717
6 24 0 5.30359274997e-07
6 24 1 7.270131725e-06
6 25 0 7.7678749995e-06
6 25 1 4.9849900005e-06
6 26 0 5.05718919567e-05
6 26 1 2.87909650433e-05
6 27 0 0.000370553995118
6 27 1 0.000389370013882
6 28 0 0.000370464370265
6 28 1 0.000124932554735
7 0 0 0.00264778678025
7 0 1 0.00401036766675
7 1 0 0.00295301490798
7 1 1 0.000710026589018
7 2 0 4.43698779056e-05
7 2 1 0.00779512307809
7 3 0 9.63348245074e-05
7 3 1 5.64161104926e-05
7 4 0 0.00154754418832
7 4 1 0.000646682642677
7 5 0 0.000375399565014
7 5 1 0.00210438771099
7 6 0 0.000327639440506
7 6 1 0.000489581314494
7 8 0 0.00376810193328
7 8 1 0.00224139115172
7 9 0 0.00327985798244
7 9 1 1.82720245601e-05
7 10 0 0.000259360451592
7 10 1 0.000439787033408
7 11 0 0.00166304257389
7 11 1 0.000651010373106
7 12 0 3.569087589e-05
7 12 1 0.00011949624511
7 13 0 0.00100306994695
7 13 1 0.00157311868205
7 14 0 0.0034700449077
7 14 1 0.0031151577943
7 15 0 0.000926945807055
7 15 1 0.00179515365795
7 16 0 0.000173677355077
7 16 1 9.07992592319e-06
7 17 0 0.000566316100427
7 17 1 2.93145425733e-05
7 18 0 0.00552968154606
7 18 1 0.00189367161294
7 19 0 7.17288746393e-05
7 19 1 0.000347933294361
7 20 0 0.005145814287
7 20 1 0.001606210208
7 21 0 0.00178278479673
7 21 1 0.0169032016533
7 22 0 0.00215893521449
7 22 1 0.00361640705951
7 23 0 0.00190982435779
7 23 1 0.00463377892221
7 24 0 7.42168372167e-05
7 24 1 3.19208178329e-06
7 25 0 0.00010987118423
7 25 1 1.66830857701e-05
7 26 0 0.000437822326604
7 26 1 0.000349742552396
7 27 0 0.00623886277613
7 27 1 0.00130231562787
7 28 0 0.00426158610953
7 28 1 0.000654532541467
8 0 0 0.00547178487785
8 0 1 0.00260621303415
8 1 0 0.00372604293465
8 1 1 0.000718137775349
8 2 0 0.00180456232235
8 2 1 0.00770669312065
8 3 0 2.40439282022e-05
8 3 1 0.000161280960798
8 4 0 0.00219387388487
8 4 1 0.000468269191133
8 5 0 0.0016252112984
8 5 1 0.0013833876446
8 6 0 0.000675379298701
8 6 1 0.000316112804299
8 7 0 0.000327259170842
8 7 1 0.00250875147816
8 9 0 0.00215509262349
8 9 1 0.00184635965951
8 10 0 0.000431263315793
8 10 1 0.000416976533207
8 11 0 0.00216037988491
8 11 1 0.000647142083092
8 12 0 7.26358854051e-05
8 12 1 0.000115644703595
8 13 0 0.00198583271934
8 13 1 0.00113972504966
8 14 0 0.00681588269451
8 14 1 0.00117360659949
8 15 0 0.00248506254678
8 15 1 0.000817521369225
8 16 0 0.000132378295343
8 16 1 8.93517566566e-05
8 17 0 2.48109467694e-05
8 17 1 0.000697837218231
8 18 0 0.00891239693474
8 18 1 9.39773972618e-05
8 19 0 2.61568130939e-05
8 19 1 0.000482997810906
8 20 0 0.00312886681998
8 20 1 0.00506301881502
8 21 0 0.0164320540237
8 21 1 0.00623869666433
8 22 0 0.00216968977549
8 22 1 0.00483723732351
8 23 0 0.000603780642614
8 23 1 0.00733523820239
8 24 0 9.03353325953e-05
8 24 1 3.58094540469e-06
8 25 0 0.000133974056803
8 25 1 1.95677601969e-05
8 26 0 0.000356661744767
8 26 1 0.000598850401233
8 27 0 0.00718522577161
8 27 1 0.00196409989839
8 28 0 0.00574827082427
8 28 1 0.000216204242728
9 0 0 0.00171722643868
9 0 1 0.0116799885213
9 1 0 0.00590801146445
9 1 1 0.00146258270255
9 2 0 0.00819829663853
9 2 1 0.00757595028447
9 3 0 4.54098822992e-05
9 3 1 0.000261948128701
9 4 0 0.00424031181267
9 4 1 0.000174804833331
9 5 0 0.00443800441013
9 5 1 0.000551703089865
9 6 0 0.000116795508771
9 6 1 0.00152757639823
9 7 0 0.00140107300486
9 7 1 0.00330239989914
9 8 0 0.00168869503531
9 8 1 0.0104033150397
9 10 0 0.000650273925073
9 10 1 0.000756516682927
9 11 0 0.00174861614609
9 11 1 0.00290760878891
9 12 0 0.000240826777134
9 12 1 7.14332088658e-05
9 13 0 0.000840978642581
9 13 1 0.00434270297742
9 14 0 0.00772917844667
9 14 1 0.00552124655533
9 15 0 0.00207307514583
9 15 1 0.00340420117117
9 16 0 0.00019092781974
9 16 1 0.00017680750326
9 17 0 0.000518832535189
9 17 1 0.000679666512811
9 18 0 0.0125920260227
9 18 1 0.00234488461426
9 19 0 0.000110231323973
9 19 1 0.000734192508027
9 20 0 0.0118309389362
9 20 1 0.00175515677383
9 21 0 0.0316214583374
9 21 1 0.00597757592564
9 22 0 0.00774380685827
9 22 1 0.00387705632873
9 23 0 7.20178361203e-05
9 23 1 0.0130947028279
9 24 0 4.41997465686e-05
9 24 1 0.000111558719431
9 25 0 0.000137507472979
9 25 1 0.000117138883021
9 26 0 0.000389243819974
9 26 1 0.00119545597303
9 27 0 0.0146106968893
9 27 1 0.000563295982723
9 28 0 0.00665645275918
9 28 1 0.00323552238982
10 0 0 0.000771366389274
10 0 1 0.0144862781837
10 1 0 0.00130526580256
10 1 1 0.00708885987444
10 2 0 0.00326270267281
10 2 1 0.0147020649062
10 3 0 3.73338156315e-05
10 3 1 0.000312706047368
10 4 0 0.000391937395748
10 4 1 0.00463629278025
10 5 0 0.00567042542432
10 5 1 1.21872526808e-05
10 6 0 0.00109734706012
10 6 1 0.000775373664876
10 7 0 0.00136438498076
10 7 1 0.00399224459124
10 8 0 0.0070468393074
10 8 1 0.0067243506336
10 9 0 0.0038584283018
10 9 1 0.0036994761902
10 11 0 0.00389318619892
10 11 1 0.00140963422508
10 12 0 0.000304129738053
10 12 1 5.1492822947e-05
10 13 0 0.00287855039265
10 13 1 0.00302497298735
10 14 0 0.00797355181997
10 14 1 0.00711691853003
10 15 0 0.00603651373429
10 15 1 0.000201374925715
10 16 0 0.000387630484897
10 16 1 3.11710991029e-05
10 17 0 0.000998663117257
10 17 1 0.000366267769743
10 18 0 0.0113827866167
10 18 1 0.00562836638831
10 19 0 0.00078769491538
10 19 1 0.00017399143062
10 20 0 0.00076022892411
10 20 1 0.0147125256819
10 21 0 0.00628503852533
10 21 1 0.0365352567977
10 22 0 0.0108887538814
10 22 1 0.00234586246763
10 23 0 0.00473617950901
10 23 1 0.010258962742
10 24 0 3.66641720664e-05
10 24 1 0.000140723987934
10 25 0 1.23133741726e-06
10 25 1 0.000288776966583
10 26 0 0.00160855169253
10 26 1 0.00019621043747
10 27 0 0.0130383594976
10 27 1 0.00424279861543
10 28 0 0.00272842888873
10 28 1 0.00853721411227
11 0 0 0.00102929663471
11 0 1 0.000648612569294
11 1 0 9.77689541573e-05
11 1 1 0.000825347367843
11 2 0 0.00189610922248
11 2 1 7.95069175163e-05
11 3 0 8.25820648663e-06
11 3 1 3.02362745134e-05
11 4 0 0.000275431927398
11 4 1 0.000277531123602
11 5 0 0.000426449813208
11 5 1 0.000198476797792
11 6 0 0.000175150109997
11 6 1 3.07961830029e-05
11 7 0 4.38686751361e-05
11 7 1 0.000545209017864
11 8 0 0.000130676128656
11 8 1 0.00138376512334
11 9 0 0.000462366645918
11 9 1 0.000368789005082
11 10 0 4.69347860783e-05
11 10 1 0.000129256079922
11 12 0 3.06493752138e-05
11 12 1 8.45904478625e-06
11 13 0 0.000383739891337
11 13 1 0.000265480646663
11 14 0 0.00109555190403
11 14 1 0.000563972865966
11 15 0 0.000391708855802
11 15 1 0.000294282402198
11 16 0 4.27747579558e-06
11 16 1 4.17788492044e-05
11 17 0 5.89523343565e-05
11 17 1 9.11514436435e-05
11 18 0 0.000276954232873
11 18 1 0.00159379128513
11 19 0 3.99274739926e-06
11 19 1 0.000101765540601
11 20 0 0.000707939266136
11 20 1 0.000993625955864
11 21 0 0.00251338385108
11 21 1 0.00219563707992
11 22 0 0.000251030482065
11 22 1 0.00120440285693
11 23 0 0.00119022105353
11 23 1 0.000458820322468
11 24 0 5.85159585888e-07
11 24 1 1.89225194141e-05
11 25 0 9.78839389654e-06
11 25 1 2.21043141035e-05
11 26 0 0.000117782977123
11 26 1 8.06897928767e-05
11 27 0 0.00107838962424
11 27 1 0.000822048816759
11 28 0 0.000135649425539
11 28 1 0.00110325255546
12 0 0 0.0187752794018
12 0 1 0.00716355689321
12 1 0 0.00125050177864
12 1 1 0.0130199742924
12 2 0 0.0277849845796
12 2 1 0.00275610995636
12 3 0 0.000487903000092
12 3 1 0.000107184050908
12 4 0 0.00119016982966
12 4 1 0.00735809846634
12 5 0 0.00824995345373
12 5 1 0.00141080114327
12 6 0 0.00287528352572
12 6 1 0.000308444871285
12 7 0 0.00100091483011
12 7 1 0.00810565052989
12 8 0 0.018557900447
12 8 1 0.00485388108697
12 9 0 0.010674938468
12 9 1 0.00217391552204
12 10 0 0.000157176892695
12 10 1 0.0025665616903
12 11 0 0.00222881284197
12 11 1 0.00678627400303
12 13 0 0.00994337797318
12 13 1 9.29369888178e-05
12 14 0 0.00569432909294
12 14 1 0.0199603018131
12 15 0 0.00629909762427
12 15 1 0.00430565673273
12 16 0 0.000372286467381
12 16 1 0.000339699297619
12 17 0 0.000273631723982
12 17 1 0.00204682597502
12 18 0 0.0261444039148
12 18 1 0.00277549331216
12 19 0 0.000772643496512
12 19 1 0.000862276269488
12 20 0 0.00989680445845
12 20 1 0.0164077307425
12 21 0 0.0510055967716
12 21 1 0.0217912641824
12 22 0 0.0148324228759
12 22 1 0.00766715399213
12 23 0 0.0241277405289
12 23 1 0.00136482735809
12 24 0 9.97090367157e-05
12 24 1 0.000201860607284
12 25 0 0.000389776809633
12 25 1 0.000103253282367
12 26 0 0.00173095300601
12 26 1 0.00133724203599
12 27 0 8.28775007446e-05
12 27 1 0.0292960432843
12 28 0 0.0155636252149
12 28 1 0.00358858849409
13 0 0 0.00797965458497
13 0 1 0.00595133595803
13 1 0 0.00152062191609
13 1 1 0.00614363352391
13 2 0 0.0016344843763
13 2 1 0.0147682445017
13 3 0 0.000223603668545
13 3 1 9.60001864554e-05
13 4 0 0.00193247986614
13 4 1 0.00265854509086
13 5 0 0.00471535641204
13 5 1 0.000473152408961
13 6 0 0.000994079024049
13 6 1 0.000715808407951
13 7 0 0.00353619006332
13 7 1 0.00135467992268
13 8 0 0.00531447381712
13 8 1 0.00725930950288
13 9 0 0.00144482082572
13 9 1 0.00545592296228
13 10 0 0.00123374562906
13 10 1 0.000229094723945
13 11 0 0.000707086341632
13 11 1 0.00413465320837
13 12 0 1.10823602795e-05
13 12 1 0.00031361877572
13 14 0 0.00197136249386
13 14 1 0.0118069896441
13 15 0 0.00383600226135
13 15 1 0.00185950122965
13 16 0 0.000146773615534
13 16 1 0.000235613120466
13 17 0 0.000728438015288
13 17 1 0.000517811966712
13 18 0 0.00114887881382
13 18 1 0.0143831523912
13 19 0 0.000591330841706
13 19 1 0.000286736760294
13 20 0 0.00749893360771
13 20 1 0.00662846312529
13 21 0 0.0326119198824
13 21 1 0.00648514561265
13 22 0 0.00809393569792
13 22 1 0.00398992916808
13 23 0 0.00875258066402
13 23 1 0.00493873216498
13 24 0 0.000155323434977
13 24 1 6.64080302337e-06
13 25 0 7.3458847293e-05
13 25 1 0.000191333199707
13 26 0 0.000627696621375
13 26 1 0.00102014122363
13 27 0 0.00934115791146
13 27 1 0.00643740142554
13 28 0 0.00224848817946
13 28 1 0.00803760580754
14 0 0 0.00240915228852
14 0 1 0.00759345708848
14 1 0 0.00314399376604
14 1 1 0.00235902865696
14 2 0 0.00110751899903
14 2 1 0.010669826566
14 3 0 7.60782759755e-06
14 3 1 0.000221871369402
14 4 0 0.00321174750494
14 4 1 8.46605390644e-05
14 5 0 0.00321606604435
14 5 1 0.000509342197647
14 6 0 2.97806756567e-05
14 6 1 0.00119793791434
14 7 0 0.00333361835516
14 7 1 0.000178081823843
14 8 0 0.00644986472901
14 8 1 0.00257825445299
14 9 0 0.00181573636073
14 9 1 0.00313907602727
14 10 0 0.000356392121867
14 10 1 0.000693943860133
14 11 0 0.00315580445722
14 11 1 0.000320619511778
14 12 0 0.000165003039329
14 12 1 6.81360626707e-05
14 13 0 0.00187069701125
14 13 1 0.00199953590975
14 15 0 0.00148475366687
14 15 1 0.00260468250413
14 16 0 7.47383664438e-05
14 16 1 0.000199819651556
14 17 0 9.15482353102e-05
14 17 1 0.00080327340169
14 18 0 0.00454586452872
14 18 1 0.00660631022228
14 19 0 0.000400387585198
14 19 1 0.000230074922802
14 20 0 0.00504399422624
14 20 1 0.00509963702576
14 21 0 0.0214554216025
14 21 1 0.00661671531845
14 22 0 0.00520389056082
14 22 1 0.00347246160918
14 23 0 0.00506754596566
14 23 1 0.00476297209234
14 24 0 6.493895082e-05
14 24 1 5.135321118e-05
14 25 0 8.13671890035e-05
14 25 1 0.000108756506996
14 26 0 0.00013910296145
14 26 1 0.00104406332055
14 27 0 0.00132125143242
14 27 1 0.0100079333156
14 28 0 0.00405612144101
14 28 1 0.00332941082699
15 0 0 0.00281782524231
15 0 1 0.00404661972069
15 1 0 0.0036969166615
15 1 1 7.96173535029e-05
15 2 0 0.00276578652344
15 2 1 0.00531659852156
15 3 0 0.000124706043339
15 3 1 3.27775946605e-05
15 4 0 0.00128609509754
15 4 1 0.00097611576546
15 5 0 0.00117904020251
15 5 1 0.00137757866349
15 6 0 0.000385274836219
15 6 1 0.000457265981781
15 7 0 0.000351680955594
15 7 1 0.00205827745641
15 8 0 0.00242662024986
15 8 1 0.00376906578614
15 9 0 0.00332565243891
15 9 1 7.46639840941e-05
15 10 0 0.000555658000214
15 10 1 0.000165151267786
15 11 0 0.00180979777127
15 11 1 0.000575951796733
15 12 0 3.75962905453e-05
15 12 1 0.000122399014455
15 13 0 0.00121812948916
15 13 1 0.00143787754584
15 14 0 0.00284673469982
15 14 1 0.00394249824418
15 16 0 0.000106157978948
15 16 1 8.22616960523e-05
15 17 0 0.000169020075086
15 17 1 0.000445065074914
15 18 0 0.00291539914041
15 18 1 0.00473795279059
15 19 0 0.000369323752893
15 19 1 6.33408671069e-05
15 20 0 0.00611842532072
15 20 1 0.000842798078277
15 21 0 0.0182905618251
15 21 1 0.000974375113916
15 22 0 0.000756830845281
15 22 1 0.00519744965272
15 23 0 0.00534400174889
15 23 1 0.00140234289111
15 24 0 1.99295503418e-05
15 24 1 5.98777396582e-05
15 25 0 4.06229552511e-05
15 25 1 8.98523637489e-05
15 26 0 0.000515776344522
15 26 1 0.000296189765478
15 27 0 0.00443382343266
15 27 1 0.00334100433934
15 28 0 0.00141566531547
15 28 1 0.00365277011553
16 0 0 0.00199025318518
16 0 1 0.000571443951819
16 1 0 0.000746816379827
16 1 1 0.000662523549173
16 2 0 0.00275416661751
16 2 1 0.000262045580491
16 3 0 6.3171465109e-06
16 3 1 5.24531384891e-05
16 4 0 0.000550697681017
16 4 1 0.000293521934983
16 5 0 0.000356541946502
16 5 1 0.000597545858498
16 6 0 0.000175793862668
16 6 1 0.000138628412332
16 7 0 0.000712582899848
16 7 1 0.000186773653152
16 8 0 0.00174401244806
16 8 1 0.000568114936943
16 9 0 0.000812812269202
16 9 1 0.000456129486798
16 10 0 0.000130501545319
16 10 1 0.000138492531681
16 11 0 0.00010871699218
16 11 1 0.00078160522182
16 12 0 2.98417740424e-05
16 12 1 2.98658229576e-05
16 13 0 4.85887770608e-06
16 13 1 0.000986318945294
16 14 0 0.00027021530561
16 14 1 0.00226341395139
16 15 0 0.000898941231001
16 15 1 0.000148375177999
16 17 0 3.5074665255e-05
16 17 1 0.000194091738745
16 18 0 0.00052730167261
16 18 1 0.00232880247439
16 19 0 2.16317548817e-05
16 19 1 0.000139831513118
16 20 0 0.000151630601929
16 20 1 0.00244618264407
16 21 0 0.00111650248378
16 21 1 0.00607285281922
16 22 0 0.00221684062716
16 22 1 5.19820983611e-06
16 23 0 0.00189690168759
16 23 1 0.000620722365408
16 24 0 2.67580149275e-05
16 24 1 3.02474307255e-06
16 25 0 1.21049902529e-05
16 25 1 3.65862367471e-05
16 26 0 0.000150029706499
16 26 1 0.000152982593501
16 27 0 0.00271243747391
16 27 1 0.000188999445093
16 28 0 0.000447254665415
16 28 1 0.00144420146858
17 0 0 0.00029816002494
17 0 1 0.00339937271506
17 1 0 0.000932569926604
17 1 1 0.0011016598244
17 2 0 0.00264116393586
17 2 1 0.00171241213414
17 3 0 8.04092508839e-05
17 3 1 4.41929811609e-06
17 4 0 0.00083011283112
17 4 1 0.00038842687288
17 5 0 0.000987968536989
17 5 1 0.000389154014011
17 6 0 3.98595597234e-05
17 6 1 0.000413974986277
17 7 0 0.0011982619123
17 7 1 9.98619966957e-05
17 8 0 0.0014495083327
17 8 1 0.0018877974643
17 9 0 2.99535538799e-05
17 9 1 0.00180162662012
17 10 0 0.000287167243256
17 10 1 0.000101096611744
17 11 0 0.000770014085364
17 11 1 0.000515069732636
17 12 0 3.14876310506e-05
17 12 1 5.46938269494e-05
17 13 0 8.60239554866e-05
17 13 1 0.00134463402551
17 14 0 0.000626717630089
17 14 1 0.00303030216191
17 15 0 0.000871776285216
17 15 1 0.000639911671784
17 16 0 2.00910503754e-05
17 16 1 8.14011926246e-05
17 18 0 0.00187658460496
17 18 1 0.00224589281204
17 19 0 3.14976481135e-05
17 19 1 0.000201557115886
17 20 0 0.00170462462662
17 20 1 0.00204503781138
17 21 0 0.00292766064082
17 21 1 0.00744939612918
17 22 0 0.00193798738955
17 22 1 0.00126928533345
17 23 0 0.00100887086907
17 23 1 0.00262504714193
17 24 0 1.53287173339e-05
17 24 1 2.76594726661e-05
17 25 0 6.212516793e-05
17 25 1 8.15535207002e-06
17 26 0 1.53052797557e-05
17 26 1 0.000422060201244
17 27 0 0.00322878208939
17 27 1 0.000959128279608
17 28 0 0.0027027154166
17 28 1 2.7396930398e-05
18 0 0 0.00135869296105
18 0 1 0.00397502528895
18 1 0 0.000979687298285
18 1 1 0.00195470412071
18 2 0 0.0019072453412
18 2 1 0.0043728202498
18 3 0 6.20244915737e-05
18 3 1 6.03413164263e-05
18 4 0 0.00040989687793
18 4 1 0.00134785563207
18 5 0 0.00152260200625
18 5 1 0.000463907431746
18 6 0 0.000256363604885
18 6 1 0.000398296074115
18 7 0 0.00151925212601
18 7 1 0.000353301187992
18 8 0 0.0015535833099
18 8 1 0.0032605049171
18 9 0 0.00182506210045
18 9 1 0.000817005810548
18 10 0 0.000192483733332
18 10 1 0.000367589741668
18 11 0 0.00155545796796
18 11 1 0.000298284917043
18 12 0 6.31843011143e-05
18 12 1 6.11330878857e-05
18 13 0 0.000858108299136
18 13 1 0.00120562639086
18 14 0 0.00313700841994
18 14 1 0.00213826960306
18 15 0 0.000719592168066
18 15 1 0.00146102885893
18 16 0 7.95499887666e-06
18 16 1 0.000138448310123
18 17 0 0.00010685688664
18 17 1 0.00037029125636
18 19 0 0.000321779342705
18 19 1 1.44038722951e-05
18 20 0 0.000343840865396
18 20 1 0.0050650748566
18 21 0 0.00889438684309
18 21 1 0.00607459408491
18 22 0 0.00369925212931
18 22 1 0.000927262429693
18 23 0 0.00388217516759
18 23 1 0.00135977836541
18 24 0 3.26994468145e-05
18 24 1 2.93113351855e-05
18 25 0 9.44267648854e-05
18 25 1 6.95340411457e-06
18 26 0 0.000430792183064
18 26 1 0.000200110749936
18 27 0 0.00116336235335
18 27 1 0.00487772924265
18 28 0 0.00243601983615
18 28 1 0.00150218736085
19 0 0 0.00780722387186
19 0 1 0.00163721383714
19 1 0 0.00148350203629
19 1 1 0.00371243739571
19 2 0 0.00647644104033
19 2 1 0.00464369795267
19 3 0 0.000151440139063
19 3 1 6.52335199368e-05
19 4 0 0.00240247537833
19 4 1 0.000709984506666
19 5 0 0.00267192875254
19 5 1 0.000845592002455
19 6 0 0.000978700634626
19 6 1 0.000180508058374
19 7 0 0.00201737583943
19 7 1 0.00129836231857
19 8 0 0.00300462780265
19 8 1 0.00551969880335
19 9 0 0.00209604930062
19 9 1 0.00258227164538
19 10 0 0.000638184551748
19 10 1 0.000353539945252
19 11 0 0.000470192442818
19 11 1 0.00281223800918
19 12 0 1.27950114777e-05
19 12 1 0.000207334321522
19 13 0 0.00216005478835
19 13 1 0.00149420905065
19 14 0 0.004890179647
19 14 1 0.004450777703
19 15 0 0.00248737657132
19 15 1 0.00137385840468
19 16 0 0.000149558085529
19 16 1 0.000109678879471
19 17 0 0.000197823069012
19 17 1 0.000647065187988
19 18 0 0.00350615176052
19 18 1 0.00702370257848
19 20 0 0.00377847093897
19 20 1 0.00579911925603
19 21 0 0.0189620289771
19 21 1 0.00754360955291
19 22 0 0.0074358869992
19 22 1 0.000756302110805
19 23 0 0.0054194397005
19 23 1 0.0038625098335
19 24 0 1.67721098765e-05
19 24 1 9.30306461235e-05
19 25 0 0.000107822567037
19 25 1 7.16917309632e-05
19 26 0 0.000349444678517
19 26 1 0.000767697841483
19 27 0 0.00821588643841
19 27 1 0.00248110027959
19 28 0 0.000407098896438
19 28 1 0.00656630142556
20 0 0 0.00416790160467
20 0 1 0.00782271031833
20 1 0 0.00326967709985
20 1 1 0.00332706219015
20 2 0 0.0117707733685
20 2 1 0.00234730070848
20 3 0 5.22286366275e-05
20 3 1 0.000222859181373
20 4 0 0.0036480828676
20 4 1 0.000303480980401
20 5 0 0.00227632163903
20 5 1 0.00218950550697
20 6 0 0.000679232789672
20 6 1 0.000792492898328
20 7 0 0.000415826206387
20 7 1 0.00379381874261
20 8 0 0.00553553732209
20 8 1 0.00528690604491
20 9 0 0.00311451357968
20 9 1 0.00282505981132
20 10 0 0.000916508351916
20 10 1 0.000342580219084
20 11 0 0.00278198763874
20 11 1 0.00138537000926
20 12 0 0.000253180718352
20 12 1 2.62944056477e-05
20 13 0 0.00335585916311
20 13 1 0.00128357633389
20 14 0 0.000566375528947
20 14 1 0.0112928582361
20 15 0 0.0019807234265
20 15 1 0.0029214816145
20 16 0 0.000104367619188
20 16 1 0.000224758363812
20 17 0 0.000539563913999
20 17 1 0.000533102085001
20 18 0 0.00549821169738
20 18 1 0.00787043987062
20 19 0 0.000738981946858
20 19 1 1.67839711418e-05
20 21 0 0.0122819258615
20 21 1 0.0213695031775
20 22 0 0.00544158511475
20 22 1 0.00495917811125
20 23 0 0.0117237458679
20 23 1 6.05718620756e-05
20 24 0 3.33809456912e-05
20 24 1 0.000106024096309
20 25 0 0.000159329416758
20 25 1 6.85810582424e-05
20 26 0 1.37894620428e-05
20 26 1 0.00140452921796
20 27 0 0.00411938863505
20 27 1 0.00946145338295
20 28 0 0.00758730094334
20 28 1 0.00126609399866
21 0 0 0.00109213897408
21 0 1 0.00961597813892
21 1 0 0.00157862888921
21 1 1 0.00431253474179
21 2 0 0.00593525678413
21 2 1 0.00667277286387
21 3 0 0.000131278960623
21 3 1 0.000114385947377
21 4 0 0.000855803488965
21 4 1 0.00267310802403
21 5 0 0.0018276830369
21 5 1 0.0021604870741
21 6 0 0.00060222685084
21 6 1 0.00071208564016
21 7 0 0.00221988322729
21 7 1 0.00153950548471
21 8 0 0.0010033598746
21 8 1 0.0086615339414
21 9 0 0.00191974013636
21 9 1 0.00338454690764
21 10 0 0.000261471727371
21 10 1 0.000862946939629
21 11 0 0.00125886554026
21 11 1 0.00246275884674
21 12 0 0.000164136878049
21 12 1 8.54460769513e-05
21 13 0 0.00190269876651
21 13 1 0.00224051085049
21 14 0 0.00566159128659
21 14 1 0.00492919964541
21 15 0 0.00295672350718
21 15 1 0.00142115028482
21 16 0 7.3378596398e-05
21 16 1 0.000220544649602
21 17 0 0.000671394485131
21 17 1 0.000286541040869
21 18 0 0.00223431540891
21 18 1 0.00970444864609
21 19 0 6.01015616013e-06
21 19 1 0.00066892036584
21 20 0 0.00196189192555
21 20 1 0.00889719366845
21 22 0 0.00051511905206
21 22 1 0.00877319679094
21 23 0 0.00103433918482
21 23 1 0.00948954860018
21 24 0 6.98134278287e-05
21 24 1 5.46810961713e-05
21 25 0 0.00018116490747
21 25 1 2.23686635299e-05
21 26 0 0.000969420619695
21 26 1 0.000297197183305
21 27 0 0.00653712625141
21 27 1 0.00559113273559
21 28 0 0.0035943054947
21 28 1 0.0043121458603
22 0 0 0.000240394321727
22 0 1 0.00425809163627
22 1 0 0.000277760572846
22 1 1 0.00219712054715
22 2 0 0.00383264376262
22 2 1 0.00146399650838
22 3 0 3.46885114744e-05
22 3 1 6.85154535256e-05
22 4 0 0.000601351751875
22 4 1 0.000881145938125
22 5 0 0.000120932074178
22 5 1 0.00155450040882
22 6 0 0.000310836356581
22 6 1 0.000241307052419
22 7 0 0.000830736583496
22 7 1 0.000748584706504
22 8 0 0.00253727621327
22 8 1 0.00152295105673
22 9 0 0.000306003018108
22 9 1 0.00192233092089
22 10 0 0.000153178423165
22 10 1 0.000319190484835
22 11 0 0.000678567181353
22 11 1 0.000884889294647
22 12 0 0.000101459927735
22 12 1 3.39001026515e-06
22 13 0 0.000778794135904
22 13 1 0.000961770530096
22 14 0 0.000946981994409
22 14 1 0.00350221516959
22 15 0 0.00141666377135
22 15 1 0.000422483444646
22 16 0 1.36041379059e-05
22 16 1 0.000109873181094
22 17 0 0.000179801879544
22 17 1 0.000222627368456
22 18 0 0.00314145933576
22 18 1 0.00187402208724
22 19 0 0.000177409268393
22 19 1 0.000106129419607
22 20 0 0.000887598203179
22 20 1 0.00367430969782
22 21 0 0.00314243554006
22 21 1 0.00948248151594
22 23 0 0.000943756607347
22 23 1 0.00347733450665
22 24 0 3.72722569496e-05
22 24 1 1.50279620504e-05
22 25 0 4.87014041841e-05
22 25 1 3.68031618159e-05
22 26 0 0.000497494452811
22 26 1 3.46123911889e-05
22 27 0 0.000416976229044
22 27 1 0.00467811211996
22 28 0 0.00041104714752
22 28 1 0.00291045746648
23 0 0 0.00513237985253
23 0 1 0.00190492081247
23 1 0 0.00251282601078
23 1 1 0.00135880607022
23 2 0 0.00644088778539
23 2 1 0.00184502228661
23 3 0 4.26278941535e-05
23 3 1 0.000118821387846
23 4 0 0.00226241406947
23 4 1 5.67622225349e-05
23 5 0 0.00218641023283
23 5 1 0.000434587640172
23 6 0 0.000855158566596
23 6 1 8.59853140363e-06
23 7 0 0.000543054194152
23 7 1 0.00192759012285
23 8 0 0.000832212759124
23 8 1 0.00551948875488
23 9 0 0.00290315234114
23 9 1 0.00058278849686
23 10 0 0.000387007576377
23 10 1 0.000351952611623
23 11 0 0.00165910102988
23 11 1 0.000786724833116
23 12 0 4.08196307383e-05
23 12 1 0.000123204565262
23 13 0 0.00210518523963
23 13 1 0.000617703526372
23 14 0 0.0013308188603
23 14 1 0.0056293758487
23 15 0 0.000941065978853
23 15 1 0.00193604246415
23 16 0 0.00016359970727
23 16 1 2.95646217305e-05
23 17 0 8.22125731779e-05
23 17 1 0.000547336043822
23 18 0 0.00118601195343
23 18 1 0.00666006138957
23 19 0 0.000226776828322
23 19 1 0.000216782852678
23 20 0 0.00636601991656
23 20 1 0.000770496192437
23 21 0 0.0144232832322
23 21 1 0.00532677001681
23 22 0 0.00451209373933
23 22 1 0.00159212332967
23 24 0 7.83642183525e-06
23 24 1 7.39805201648e-05
23 25 0 6.22183287813e-05
23 25 1 7.15425292187e-05
23 26 0 0.000480015130082
23 26 1 0.000352397347918
23 27 0 0.0054370147602
23 27 1 0.0025335933438
23 28 0 0.00173400289627
23 28 1 0.00346206236873
24 0 0 0.0105790424942
24 0 1 0.00939492668778
24 1 0 0.00401988495456
24 1 1 0.00696896766844
24 2 0 0.0176289457947
24 2 1 0.00588895123528
24 3 0 0.000299684503186
24 3 1 0.000158556964814
24 4 0 0.00233094248461
24 4 1 0.00425157515639
24 5 0 0.00262395495149
24 5 1 0.00481522282851
24 6 0 0.00186604188409
24 6 1 0.000585559728905
24 7 0 0.00186319700659
24 7 1 0.00514923230241
24 8 0 0.0024848308446
24 8 1 0.0155432023934
24 9 0 0.000771236157985
24 9 1 0.00912290908102
24 10 0 0.000432005065686
24 10 1 0.00166538549931
24 11 0 0.00534466633598
24 11 1 0.00159732075902
24 12 0 3.3693237994e-05
24 12 1 0.000431856607006
24 13 0 0.00473213603845
24 13 1 0.00299623864555
24 14 0 0.00781198638687
24 14 1 0.0119431329751
24 15 0 0.00185587493059
24 15 1 0.00631022143241
24 16 0 0.000167974227177
24 16 1 0.000380284050823
24 17 0 0.0014412755142
24 17 1 0.000345572208798
24 18 0 0.0189749750949
24 18 1 0.00329453342914
24 19 0 0.000841608201333
24 19 1 0.000417347159667
24 20 0 0.0176516885031
24 20 1 0.00260388385594
24 21 0 0.0463492358409
24 21 1 0.00970733665709
24 22 0 0.0142214990054
24 22 1 0.00310409917764
24 23 0 0.00197822389191
24 23 1 0.0176521002891
24 25 0 0.000306263282037
24 25 1 7.33901369629e-05
24 26 0 0.00125341254785
24 26 1 0.00110922363615
24 27 0 0.00452626928553
24 27 1 0.0180967062295
24 28 0 0.00777204232908
24 28 1 0.00697594875492
25 0 0 0.00209162252884
25 0 1 3.45045861639e-05
25 1 0 0.000841492498827
25 1 1 0.000328214799173
25 2 0 0.000554912240393
25 2 1 0.00194844791261
25 3 0 3.55550962774e-05
25 3 1 1.32223697226e-05
25 4 0 0.000348711881347
25 4 1 0.000351963538653
25 5 0 0.000281899800885
25 5 1 0.000509962720115
25 6 0 0.000201663272973
25 6 1 5.92972110268e-05
25 7 0 0.000320020163685
25 7 1 0.000426417159315
25 8 0 0.00111058184031
25 8 1 0.000808410320687
25 9 0 0.000409719324855
25 9 1 0.000643461957145
25 10 0 8.87654140551e-05
25 10 1 0.000134491110945
25 11 0 0.000566159317859
25 11 1 0.000172779791141
25 12 0 2.89741915531e-05
25 12 1 2.05812144469e-05
25 13 0 0.00048549889301
25 13 1 0.00033714716299
25 14 0 0.00111990251183
25 14 1 0.000982929156165
25 15 0 0.000721519216232
25 15 1 0.000147720078768
25 16 0 3.83832788274e-05
25 16 1 1.99760181726e-05
25 17 0 0.000114636080349
25 17 1 7.55647436506e-05
25 18 0 0.000589522579451
25 18 1 0.00178095298655
25 19 0 0.00012169558709
25 19 1 1.23137879102e-05
25 20 0 0.000792847849562
25 20 1 0.00136325448644
25 21 0 0.0050806886794
25 21 1 0.000886247469596
25 22 0 1.43193753354e-06
25 22 1 0.00184278959647
25 23 0 0.00030643158649
25 23 1 0.00178311627151
25 24 0 1.51535894715e-05
25 24 1 9.56515252847e-06
25 26 0 0.000135194687364
25 26 1 0.000116295880636
25 27 0 0.00153086723665
25 27 1 0.000877233087346
25 28 0 3.28271195931e-05
25 28 1 0.00153702128841
26 0 0 0.00813873452238
26 0 1 0.00101472391562
26 1 0 0.00485048455709
26 1 1 0.000185370101913
26 2 0 0.0036007859585
26 2 1 0.0071767460915
26 3 0 0.000181284125444
26 3 1 2.87139065557e-05
26 4 0 0.00107649536766
26 4 1 0.00194007089934
26 5 0 0.00338197213091
26 5 1 2.71752450906e-05
26 6 0 0.000152503713551
26 6 1 0.000970990233449
26 7 0 0.00152548875031
26 7 1 0.00168809286869
26 8 0 0.00277453404034
26 8 1 0.00548716154266
26 9 0 0.00438465916897
26 9 1 0.000149524618031
26 10 0 0.000821055514242
26 10 1 0.000140114355758
26 11 0 0.0012370512977
26 11 1 0.0019442488123
26 12 0 5.63878491638e-05
26 12 1 0.000156959388836
26 13 0 0.00127177465112
26 13 1 0.00226990280988
26 14 0 0.00375322145711
26 14 1 0.00529994480989
26 15 0 0.00143929259132
26 15 1 0.00230297931168
26 16 0 9.3398544248e-05
26 16 1 0.000157851435752
26 17 0 0.000801105661449
26 17 1 1.7751933551e-05
26 18 0 0.0022027132072
26 18 1 0.0080027206178
26 19 0 0.00017782943597
26 19 1 0.00039911125503
26 20 0 0.00326821631855
26 20 1 0.00601429223245
26 21 0 0.0115585195848
26 21 1 0.0141304910412
26 22 0 0.00383881530928
26 22 1 0.00410097579772
26 23 0 0.00725962652132
26 23 1 0.00173634993568
26 24 0 6.87280248203e-05
26 24 1 3.76917531797e-05
26 25 0 4.20758283806e-05
26 25 1 0.000131907707619
26 27 0 0.00410502809023
26 27 1 0.00626238883277
26 28 0 0.000844138767367
26 28 1 0.00591441393663
27 0 0 0.00564641098074
27 0 1 0.000397678289263
27 1 0 0.000534064614144
27 1 1 0.00279114359186
27 2 0 0.00404132373311
27 2 1 0.00307515210489
27 3 0 0.00013532109318
27 3 1 3.3419998203e-06
27 4 0 0.000138518073389
27 4 1 0.00185334062461
27 5 0 0.00173286517899
27 5 1 0.000518217427008
27 6 0 0.000161286681698
27 6 1 0.000580563817302
27 7 0 1.31386550535e-05
27 7 1 0.00210881058595
27 8 0 0.00250436758426
27 8 1 0.00295088476174
27 9 0 0.00109542461624
27 9 1 0.00189852698776
27 10 0 0.00051585141089
27 10 1 0.00011881542411
27 11 0 0.00187383982665
27 11 1 0.000226793719355
27 12 0 0.00012111095262
27 12 1 1.97636423803e-05
27 13 0 0.00196182989412
27 13 1 0.000376763205877
27 14 0 0.000510443212055
27 14 1 0.00546742247194
27 15 0 0.000483885702455
27 15 1 0.00198716123655
27 16 0 1.91151694717e-05
27 16 1 0.000146786857528
27 17 0 0.000390796463247
27 17 1 0.000149900633753
27 18 0 0.00589085034415
27 18 1 0.000847865244851
27 19 0 6.92780631383e-05
27 19 1 0.000311679698862
27 20 0 0.00158084836445
27 20 1 0.00454845354955
27 21 0 0.00953905536569
27 21 1 0.00742356859931
27 22 0 0.00211467723807
27 22 1 0.00312801944993
27 23 0 0.000142726039453
27 23 1 0.00579737683455
27 24 0 7.90662492492e-06
27 24 1 6.23630600751e-05
27 25 0 7.20310136192e-05
27 25 1 4.28514683808e-05
27 26 0 0.000448649982238
27 26 1 0.000266279728762
27 28 0 0.00280302221789
27 28 1 0.00165969492411
28 0 0 0.00162625132415
28 0 1 0.00447289018085
28 1 0 0.000287876555795
28 1 1 0.00306761911521
28 2 0 0.00194253840121
28 2 1 0.00523875744379
28 3 0 6.65301502219e-05
28 3 1 7.33959467781e-05
28 4 0 0.0017070985187
28 4 1 0.000302902908304
28 5 0 0.00194088172068
28 5 1 0.000330704740323
28 6 0 0.000699420653464
28 6 1 4.91869475364e-05
28 7 0 0.000105612344458
28 7 1 0.00203566454754
28 8 0 0.00540387525872
28 8 1 0.000101065936284
28 9 0 0.00236852293344
28 9 1 0.000652698904564
28 10 0 1.75790795858e-05
28 10 1 0.000622868581414
28 11 0 0.00061241013776
28 11 1 0.00150735690724
28 12 0 0.000107952554713
28 12 1 3.42051882866e-05
28 13 0 0.000330884001431
28 13 1 0.00202901003757
28 14 0 0.00133811371287
28 14 1 0.00469420101313
28 15 0 0.00182342011405
28 15 1 0.000670134211949
28 16 0 3.69093222699e-05
28 16 1 0.00013050381373
28 17 0 0.000145207119478
28 17 1 0.000400414885522
28 18 0 0.00578302292393
28 18 1 0.00101707186407
28 19 0 0.000113444443526
28 19 1 0.000270983249474
28 20 0 0.00537122478776
28 20 1 0.00081390551624
28 21 0 0.0150007446429
28 21 1 0.00211638239606
28 22 0 0.00467541414624
28 22 1 0.00061503533976
28 23 0 0.00276751518101
28 23 1 0.00322669277399
28 24 0 3.70488915184e-05
28 24 1 3.38608404816e-05
28 25 0 0.000105327136102
28 25 1 1.06017458979e-05
28 26 0 4.66174590872e-06
28 26 1 0.000716779860091
28 27 0 0.00649258254093
28 27 1 0.000415444986067
