s t h tm
0 1 0 0.003660651923
0 1 1 0.004940466932
0 2 0 7.57242710872e-05
0 2 1 0.00964475894691
0 3 0 0.00297106414686
0 3 1 0.000232347983144
0 4 0 0.00448721942487
0 4 1 0.00467564822413
0 5 0 0.00189545749078
0 5 1 0.0216610698202
0 6 0 0.00848834980488
0 6 1 0.00443994356312
0 7 0 0.00172266382386
0 7 1 0.00101791455614
0 8 0 0.00537790907231
0 8 1 0.00369291448569
0 9 0 0.000387220347241
0 9 1 0.000221095462759
0 10 0 0.00822319545186
0 10 1 0.00187517007314
0 11 0 0.00212940593816
0 11 1 0.0236838373948
0 12 0 0.00742939790402
0 12 1 0.00324092145198
0 13 0 0.000539637503531
0 13 1 0.000176750187469
0 14 0 0.000664027947963
0 14 1 0.00167077622304
0 15 0 0.00421865624101
0 15 1 0.024880041262
0 16 0 0.00159679790888
0 16 1 4.82299181204e-05
0 17 0 0.0110109968212
0 17 1 0.0154561689088
0 18 0 0.0655871802245
0 18 1 0.00765975490347
0 19 0 0.0178603393866
0 19 1 0.0047783434594
0 20 0 0.00687445696131
0 20 1 0.0187757213807
0 21 0 0.000195142996129
0 21 1 0.000108291133871
0 22 0 0.000489227871314
0 22 1 6.85043068628e-06
0 23 0 0.00176288546576
0 23 1 0.00132427901124
0 24 0 0.0143447773199
0 24 1 0.0152157817021
0 25 0 0.00740195960816
0 25 1 0.0118686646568
0 26 0 0.00085043414476
0 26 1 0.00163532857024
0 27 0 0.000268292425309
0 27 1 0.000749023956691
0 28 0 0.00841601181081
0 28 1 0.00470213724919
0 29 0 0.00045573698984
0 29 1 0.00089297552816
0 30 0 0.000249505834922
0 30 1 2.66360230784e-05
0 31 0 0.00164404907921
0 31 1 0.00159080581779
1 0 0 1.61830220729e-05
1 0 1 3.25855029271e-05
1 2 0 0.000243249726397
1 2 1 0.000548467635603
1 3 0 0.000245845589869
1 3 1 1.50670571306e-05
1 4 0 0.000283562194216
1 4 1 0.000462738297784
1 5 0 0.000733466593646
1 5 1 0.00118517379235
1 6 0 0.00062746339602
1 6 1 0.00042552482498
1 7 0 3.19463933723e-05
1 7 1 0.000191269205628
1 8 0 7.17486356292e-05
1 8 1 0.000667055016371
1 9 0 1.78257079619e-05
1 9 1 3.17206140381e-05
1 10 0 0.00028389019793
1 10 1 0.00053860505707
1 11 0 0.00123181639676
1 11 1 0.000870629795235
1 12 0 0.000555758431172
1 12 1 0.000313321521828
1 13 0 4.58473271936e-05
1 13 1 1.25012718064e-05
1 14 0 2.33558206501e-05
1 14 1 0.00016681013735
1 15 0 0.00153592183502
1 15 1 0.00083411919298
1 16 0 8.22264370672e-05
1 16 1 5.17583729328e-05
1 17 0 0.00204947907229
1 17 1 0.00010622802271
1 18 0 0.00451822712595
1 18 1 0.00144761520805
1 19 0 0.000876718682108
1 19 1 0.000967164781892
1 20 0 0.000490937427024
1 20 1 0.00159822738998
1 21 0 6.10423918715e-06
1 21 1 1.86099718128e-05
1 22 0 2.53635674016e-05
1 22 1 1.50411935984e-05
1 23 0 0.000177596556083
1 23 1 7.38479109169e-05
1 24 0 0.00228414487934
1 24 1 0.000123514009656
1 25 0 0.0011394835242
1 25 1 0.000430077110801
1 26 0 0.00018834956216
1 26 1 1.41117208399e-05
1 27 0 6.38145571838e-05
1 27 1 1.90441878162e-05
1 28 0 0.000842560411674
1 28 1 0.000225891242326
1 29 0 9.57893935466e-05
1 29 1 1.40610214534e-05
1 30 0 1.45230071252e-05
1 30 1 7.9682928748e-06
1 31 0 0.000218021181601
1 31 1 4.54524263989e-05
2 0 0 3.15238427531e-05
2 0 1 0.000126486756247
2 1 0 0.000576510380677
2 1 1 0.00169327013432
2 3 0 0.000233787723247
2 3 1 0.000611572345753
2 4 0 0.000794239845353
2 4 1 0.00162378260065
2 5 0 0.00296609320402
2 5 1 0.00325032440198
2 6 0 0.0030538806706
2 6 1 0.000357813653397
2 7 0 0.000101982669803
2 7 1 0.000621238519197
2 8 0 0.00194279018173
2 8 1 0.000450942414274
2 9 0 0.000103668610521
2 9 1 5.68620594794e-05
2 10 0 0.00223347920598
2 10 1 0.000431415174015
2 11 0 0.00589864672128
2 11 1 0.000913303877719
2 12 0 0.000472594644073
2 12 1 0.00234323471093
2 13 0 0.000175692393093
2 13 1 1.3357757907e-05
2 14 0 0.000231459510665
2 14 1 0.000384680447335
2 15 0 0.00282047669805
2 15 1 0.00485848434295
2 16 0 0.000341554583373
2 16 1 9.25577886268e-05
2 17 0 0.00610756797514
2 17 1 0.000876948581861
2 18 0 0.00612843877261
2 18 1 0.0132009611484
2 19 0 0.00295156683706
2 19 1 0.00302263745694
2 20 0 0.00559388690167
2 20 1 0.00117503188433
2 21 0 4.709417026e-05
2 21 1 3.298016474e-05
2 22 0 5.45628955864e-05
2 22 1 7.63490104136e-05
2 23 0 0.000297297203624
2 23 1 0.000517385850376
2 24 0 0.00162150636742
2 24 1 0.00617933698858
2 25 0 0.00224450174519
2 25 1 0.00284089332981
2 26 0 0.000571899026608
2 26 1 8.40779303919e-05
2 27 0 0.000246622113008
2 27 1 2.1841203992e-05
2 28 0 0.0010206894497
2 28 1 0.0024411065823
2 29 0 0.000183595583193
2 29 1 0.000172321064807
2 30 0 1.18887591449e-05
2 30 1 6.09833198551e-05
2 31 0 0.00037142870226
2 31 1 0.00048222891374
3 0 0 1.21218386065e-05
3 0 1 3.45198863935e-05
3 1 0 0.000220909343571
3 1 1 0.000449086716429
3 2 0 0.0001276193876
3 2 1 0.0006295711084
3 4 0 0.000261179864136
3 4 1 0.000452574395864
3 5 0 0.00113173530719
3 5 1 0.000703232996812
3 6 0 0.000716316082786
3 6 1 0.000290751225214
3 7 0 0.00014905606327
3 7 1 6.44250837301e-05
3 8 0 0.000586852978729
3 8 1 0.000119731379271
3 9 0 2.87410935656e-05
3 9 1 1.86445084344e-05
3 10 0 0.000596341810088
3 10 1 0.000190284351912
3 11 0 0.00173284199757
3 11 1 0.000277916325426
3 12 0 0.000380976003089
3 12 1 0.000450203293911
3 13 0 5.24753811181e-05
3 13 1 3.32862988192e-06
3 14 0 0.000114773492407
3 14 1 6.7099310593e-05
3 15 0 5.11854530791e-05
3 15 1 0.00221549786992
3 16 0 3.10772516054e-06
3 16 1 0.000125033994839
3 17 0 0.000536907412377
3 17 1 0.00152478910062
3 18 0 0.00206456855132
3 18 1 0.00364110285568
3 19 0 0.00145668015096
3 19 1 0.000306791388044
3 20 0 0.00198658356677
3 20 1 1.14725822279e-05
3 21 0 1.19864682646e-06
3 21 1 2.24377751735e-05
3 22 0 2.81747425091e-05
3 22 1 1.04679634909e-05
3 23 0 0.000210257473947
3 23 1 3.02214760532e-05
3 24 0 0.000969903737154
3 24 1 0.00133275692885
3 25 0 0.00070568544769
3 25 1 0.00079542650531
3 26 0 0.000105972635706
3 26 1 8.76592922942e-05
3 27 0 5.015553343e-05
3 27 1 2.908973457e-05
3 28 0 0.000171370562241
3 28 1 0.000850485817759
3 29 0 7.25336025558e-05
3 29 1 3.25262264442e-05
3 30 0 1.55133011748e-05
3 30 1 5.99715082521e-06
3 31 0 0.000101393619083
3 31 1 0.000150589880917
4 0 0 0.000135525331909
4 0 1 0.000481057551091
4 1 0 0.00565476892385
4 1 1 0.00320228132915
4 2 0 0.00658125963738
4 2 1 0.00342846233062
4 3 0 0.00186298314248
4 3 1 0.00143574841752
4 5 0 0.0178809388146
4 5 1 0.00637652695344
4 6 0 0.00876178705046
4 6 1 0.00455119536254
4 7 0 0.00175386457807
4 7 1 0.00106826133893
4 8 0 0.00799708906319
4 8 1 0.00134364223581
4 9 0 0.000342231925255
4 9 1 0.000284184682745
4 10 0 0.00105418934593
4 10 1 0.00934465904107
4 11 0 0.0111156411101
4 11 1 0.0154656906049
4 12 0 0.00862687459504
4 12 1 0.00236094644796
4 13 0 0.000667040086048
4 13 1 7.06641459516e-05
4 14 0 0.00133219865208
4 14 1 0.00107207900292
4 15 0 0.0014526911564
4 15 1 0.0285118553676
4 16 0 0.000611007793307
4 16 1 0.00108296881369
4 17 0 0.0248127188535
4 17 1 0.00244199310755
4 18 0 0.0523817527254
4 18 1 0.0230446884476
4 19 0 0.0122849952037
4 19 1 0.0110273150913
4 20 0 0.0171573914838
4 20 1 0.00925602314519
4 21 0 7.8444575772e-05
4 21 1 0.000234018417228
4 22 0 0.000400951219503
4 22 1 0.000109888187497
4 23 0 0.00236717352403
4 23 1 0.000811851364968
4 24 0 0.00732045422524
4 24 1 0.0231196967818
4 25 0 0.0115411479391
4 25 1 0.00830288519295
4 26 0 0.000291260346416
4 26 1 0.00226846771358
4 27 0 0.000997287361838
4 27 1 5.02998731622e-05
4 28 0 0.00970746714599
4 28 1 0.00380102022901
4 29 0 0.0013397609885
4 29 1 4.90832714951e-05
4 30 0 0.000217065845484
4 30 1 6.72927775157e-05
4 31 0 0.00262188264697
4 31 1 0.000709227279026
5 0 0 0.000168199340969
5 0 1 3.31660903106e-06
5 1 0 0.00125230916607
5 1 1 0.00121147215493
5 2 0 0.00108331817029
5 2 1 0.00170110387871
5 3 0 0.000466662092171
5 3 1 0.000450951894829
5 4 0 0.000343019389719
5 4 1 0.00228167427428
5 6 0 0.00287977570597
5 6 1 0.000823520138028
5 7 0 5.02306723166e-05
5 7 1 0.000734805081683
5 8 0 0.00212343192123
5 8 1 0.000474895810773
5 9 0 9.69918883825e-06
5 9 1 0.000164552226162
5 10 0 0.00273515133055
5 10 1 0.00015751470145
5 11 0 0.00455959593185
5 11 1 0.00283458008515
5 12 0 0.00150051061289
5 12 1 0.00155599098411
5 13 0 3.86983765601e-05
5 13 1 0.00016651011344
5 14 0 0.000245619872252
5 14 1 0.000423182291748
5 15 0 0.000697288241688
5 15 1 0.00763800261731
5 16 0 0.000247557520919
5 16 1 0.000223658945081
5 17 0 0.00153084092051
5 17 1 0.00605065046949
5 18 0 0.0157720375536
5 18 1 0.00520946887943
5 19 0 0.00499208189373
5 19 1 0.00149274465827
5 20 0 0.00653151325174
5 20 1 0.000815952973255
5 21 0 6.27658436705e-05
5 21 1 2.41525393295e-05
5 22 0 9.18413906135e-05
5 22 1 5.02597103865e-05
5 23 0 0.000831293708287
5 23 1 5.30212627133e-05
5 24 0 0.00444118679069
5 24 1 0.00402640380831
5 25 0 0.00190507773892
5 25 1 0.00361497202508
5 26 0 0.000374211537667
5 26 1 0.000337832540333
5 27 0 9.3819464393e-05
5 27 1 0.000197589727607
5 28 0 0.000604869655423
5 28 1 0.00315281014958
5 29 0 0.000268210437051
5 29 1 0.000118126824949
5 30 0 6.73228035022e-05
5 30 1 1.17777374978e-05
5 31 0 0.000323171826359
5 31 1 0.000603448908641
6 0 0 1.33463380303e-05
6 0 1 6.21183969719e-07
6 1 0 0.000172654910046
6 1 1 2.79848569543e-05
6 2 0 2.22635801808e-05
6 2 1 0.000204487789819
6 3 0 2.11805507088e-05
6 3 1 5.35459902912e-05
6 4 0 0.00016997470034
6 4 1 4.37690766598e-05
6 5 0 0.000464358128333
6 5 1 8.51490036672e-05
6 7 0 1.87307961178e-05
6 7 1 4.51991428822e-05
6 8 0 4.02612595955e-05
6 8 1 0.000171335389405
6 9 0 5.22585443062e-06
6 9 1 8.96443256938e-06
6 10 0 0.000133410071962
6 10 1 0.000102156224038
6 11 0 0.000259263348616
6 11 1 0.000342886582384
6 12 0 0.000216570344741
6 12 1 3.23380152585e-05
6 13 0 1.02514748574e-05
6 13 1 6.45982314263e-06
6 14 0 3.59904086671e-06
6 14 1 5.08653341333e-05
6 15 0 0.000426026511025
6 15 1 0.000252763769975
6 16 0 2.67201065102e-05
6 16 1 1.16537384898e-05
6 17 0 0.000235698517249
6 17 1 0.000381705573751
6 18 0 0.000644585922612
6 18 1 0.00106405783039
6 19 0 0.000159556355724
6 19 1 0.000368540061276
6 20 0 0.000406019380881
6 20 1 0.000192326705119
6 21 0 2.89479568689e-07
6 21 1 6.78878043131e-06
6 22 0 4.1564862036e-06
6 22 1 7.4156167964e-06
6 23 0 3.23345570618e-05
6 23 1 3.96802549382e-05
6 24 0 0.000104298982643
6 24 1 0.000585265221357
6 25 0 0.000100496853536
6 25 1 0.000349032286464
6 26 0 2.84610339082e-05
6 26 1 2.95247770918e-05
6 27 0 2.03532243452e-05
6 27 1 3.37788865477e-06
6 28 0 0.000288431971632
6 28 1 1.75773293684e-05
6 29 0 9.82852153364e-06
6 29 1 2.16331254664e-05
6 30 0 5.84030617828e-06
6 30 1 6.01301821724e-07
6 31 0 2.13837303966e-05
6 31 1 5.40762816034e-05
7 0 0 2.62616352358e-05
7 0 1 0.000112346403764
7 1 0 0.00167116872333
7 1 1 0.000319899147671
7 2 0 0.00100461574056
7 2 1 0.00124557311844
7 3 0 0.000104274907893
7 3 1 0.000637281054107
7 4 0 0.00160604321487
7 4 1 0.000515063549131
7 5 0 0.00403496386323
7 5 1 0.00141812258577
7 6 0 0.00261303952566
7 6 1 0.000379723390335
7 8 0 0.000680940788543
7 8 1 0.00141885874346
7 9 0 0.000103961107022
7 9 1 3.68575569778e-05
7 10 0 0.0017455876799
7 10 1 0.000592076929103
7 11 0 0.00474673811923
7 11 1 0.00122875417477
7 12 0 0.00116009812736
7 12 1 0.00130996773264
7 13 0 0.000135812506322
7 13 1 3.00236526778e-05
7 14 0 4.50871516287e-05
7 14 1 0.000495395272371
7 15 0 0.000580713811997
7 15 1 0.006155326307
7 16 0 0.000377593383628
7 16 1 3.21312637186e-06
7 17 0 0.00568377036169
7 17 1 0.000443098038308
7 18 0 0.00471770347816
7 18 1 0.0122381858218
7 19 0 0.00455385677679
7 19 1 0.000686758404206
7 20 0 0.00276321706772
7 20 1 0.00317452740928
7 21 0 6.97553754711e-05
7 21 1 4.86410528857e-07
7 22 0 2.9669060183e-05
7 22 1 8.5167809817e-05
7 23 0 0.000529185572734
7 23 1 0.000185460289266
7 24 0 0.00171109814969
7 24 1 0.00513185801731
7 25 0 0.000115072418951
7 25 1 0.00434587289205
7 26 0 0.000185423325216
7 26 1 0.000390004401784
7 27 0 0.000124714857985
7 27 1 0.000110783104015
7 28 0 0.000273636049898
7 28 1 0.0027630764471
7 29 0 0.000306876584148
7 29 1 5.33607185187e-06
7 30 0 4.05544782046e-05
7 30 1 2.33694357954e-05
7 31 0 0.000676771912387
7 31 1 7.20627176131e-05
8 0 0 0.000119153695146
8 0 1 4.90123428537e-05
8 1 0 0.000845150976592
8 1 1 0.00157050973341
8 2 0 0.00017267677766
8 2 1 0.00255736216134
8 3 0 0.000148708848405
8 3 1 0.000750983034595
8 4 0 0.00134068936552
8 4 1 0.00123274087648
8 5 0 0.00323824304766
8 5 1 0.00337770755734
8 6 0 0.00244910644318
8 6 1 0.00118185958182
8 7 0 0.000369042278297
8 7 1 0.000400660783703
8 9 0 6.38794274059e-05
8 9 1 0.000106968647594
8 10 0 0.000164408554572
8 10 1 0.00267176023343
8 11 0 0.0069241150552
8 11 1 0.000325643816804
8 12 0 0.00266721223051
8 12 1 0.000329592216493
8 13 0 9.50619884337e-05
8 13 1 0.000106138532566
8 14 0 2.38642149413e-05
8 14 1 0.000631875439059
8 15 0 0.00179151065834
8 15 1 0.00638098195166
8 16 0 0.000366382407402
8 16 1 9.56306345977e-05
8 17 0 0.00548551228934
8 17 1 0.00194790346066
8 18 0 0.000249682737468
8 18 1 0.0203220296545
8 19 0 0.00250676189059
8 19 1 0.00385140820341
8 20 0 0.00714516701719
8 20 1 5.87943598077e-05
8 21 0 5.29599983119e-05
8 21 1 3.22607636881e-05
8 22 0 8.12563113062e-05
8 22 1 5.80693836938e-05
8 23 0 0.000289267298473
8 23 1 0.000577775938527
8 24 0 0.00149635935659
8 24 1 0.00680584901941
8 25 0 0.000491819158665
8 25 1 0.00492041739833
8 26 0 0.000340087916018
8 26 1 0.000358049084982
8 27 0 0.000194551342315
8 27 1 9.11662786855e-05
8 28 0 0.00198826070812
8 28 1 0.00169602709288
8 29 0 8.30610260911e-05
8 29 1 0.000295730604909
8 30 0 2.19730110883e-05
8 30 1 5.55826009117e-05
8 31 0 0.000788725584828
8 31 1 0.000119797133172
9 0 0 0.000231510597398
9 0 1 4.73897666024e-05
9 1 0 0.00180301232861
9 1 1 0.00220331772439
9 2 0 0.00194910171714
9 2 1 0.00257861900286
9 3 0 0.00119451710357
9 3 1 0.000297605782433
9 4 0 0.00304453164975
9 4 1 0.00122345634725
9 5 0 0.0108410295385
9 5 1 0.000131406130504
9 6 0 0.00487792456096
9 6 1 0.00114396760604
9 7 0 2.51729542481e-05
9 7 1 0.00125136579775
9 8 0 0.00319947690516
9 8 1 0.00102563771584
9 10 0 0.000588613995594
9 10 1 0.00411512117841
9 11 0 0.010204432039
9 11 1 0.00181916329603
9 12 0 0.00246392239236
9 12 1 0.00250622414764
9 13 0 8.40676409523e-05
9 13 1 0.000249619823048
9 14 0 0.000695625837879
9 14 1 0.000391906642121
9 15 0 0.00304847402102
9 15 1 0.010505458704
9 16 0 0.0003840033585
9 16 1 0.0003822370035
9 17 0 0.00461350511956
9 17 1 0.00771468186144
9 18 0 0.016824813624
9 18 1 0.017293003194
9 19 0 0.00262379171214
9 19 1 0.00792111959286
9 20 0 0.0118902868386
9 20 1 5.73541713662e-05
9 21 0 3.41072853891e-05
9 21 1 0.000107229823611
9 22 0 0.00015835433373
9 22 1 7.27148382697e-05
9 23 0 0.00141399068706
9 23 1 2.39850039395e-05
9 24 0 0.00682924665264
9 24 1 0.00693981734936
9 25 0 0.00393053639507
9 25 1 0.00504556106893
9 26 0 0.000453853385134
9 26 1 0.000703994336866
9 27 0 0.000254928997548
9 27 1 0.000218928562452
9 28 0 0.00252345191422
9 28 1 0.00358687346478
9 29 0 0.000527386140475
9 29 1 0.000100833000525
9 30 0 0.000117866275988
9 30 1 1.07583190123e-05
9 31 0 0.000130731829322
9 31 1 0.00137603683768
10 0 0 0.000130009728935
10 0 1 0.000187620661065
10 1 0 0.00347027885758
10 1 1 0.00109239780142
10 2 0 0.000392947050879
10 2 1 0.00476352417612
10 3 0 0.00103056139092
10 3 1 0.000668767964083
10 4 0 0.000366495907249
10 4 1 0.00449417432175
10 5 0 0.00922714263409
10 5 1 0.00326900108291
10 6 0 0.00224269003366
10 6 1 0.00461544358734
10 7 0 0.000430817896996
10 7 1 0.001022989825
10 8 0 0.00317522050448
10 8 1 0.00163662265552
10 9 0 0.000232151627523
10 9 1 9.05445694771e-05
10 11 0 0.00931689190255
10 11 1 0.00437638275645
10 12 0 0.00345835413701
10 12 1 0.00220198120899
10 13 0 0.000122620110917
10 13 1 0.000257405494083
10 14 0 0.000183627552996
10 14 1 0.001054927183
10 15 0 0.0111831453446
10 15 1 0.00425297990345
10 16 0 0.000782254810532
10 16 1 9.03909694678e-05
10 17 0 0.0123603967661
10 17 1 0.00167976723489
10 18 0 0.0262099737389
10 18 1 0.0126456782891
10 19 0 0.0015645797886
10 19 1 0.0104446705844
10 20 0 0.0116123648603
10 20 1 0.00199440793375
10 21 0 0.000113573616239
10 21 1 4.73905377613e-05
10 22 0 0.000219334521074
10 22 1 4.38225089261e-05
10 23 0 0.000931896975036
10 23 1 0.000705765931964
10 24 0 0.00293250198648
10 24 1 0.0127486291505
10 25 0 0.00263628304799
10 25 1 0.00758629718001
10 26 0 0.000292536798272
10 26 1 0.00102609763873
10 27 0 6.09408878828e-05
10 27 1 0.000478719799117
10 28 0 0.000664613133419
10 28 1 0.00629423414458
10 29 0 0.000565298112258
10 29 1 0.000150159868742
10 30 0 7.91555467466e-05
10 30 1 6.73307452534e-05
10 31 0 5.37519715752e-05
10 31 1 0.00166225697842
11 0 0 1.7113352753e-05
11 0 1 1.7817003247e-05
11 1 0 0.000454846172959
11 1 1 4.69191630407e-05
11 2 0 0.000358261936367
11 2 1 0.000208804001633
11 3 0 5.24169147267e-05
11 3 1 0.000134461233273
11 4 0 5.49330504593e-05
11 4 1 0.000479603147541
11 5 0 0.00108196298476
11 5 1 0.00029225925924
11 6 0 0.000600922798112
11 6 1 0.000153277856888
11 7 0 4.47004234799e-05
11 7 1 0.00011517729152
11 8 0 0.000465971163352
11 8 1 6.31954386479e-05
11 9 0 2.90925739245e-05
11 9 1 6.39487707547e-06
11 10 0 0.000510810435892
11 10 1 7.8300104108e-05
11 12 0 0.000532400554708
11 12 1 9.00761802923e-05
11 13 0 3.99169689491e-05
11 13 1 1.87509505086e-06
11 14 0 9.80573602004e-06
11 14 1 0.00012640024098
11 15 0 0.000131233200894
11 15 1 0.00156630382811
11 16 0 4.99422649402e-05
11 16 1 4.60240800598e-05
11 17 0 0.000417395837752
11 17 1 0.00112662495125
11 18 0 0.00150885429773
11 18 1 0.00276416804627
11 19 0 0.00122763575086
11 19 1 9.30420011351e-05
11 20 0 0.00136942544526
11 20 1 0.000126934572742
11 21 0 4.50071411199e-06
11 21 1 1.3200788888e-05
11 22 0 2.4084385878e-05
11 22 1 4.85544212195e-06
11 23 0 6.43321829422e-05
11 23 1 0.000115764401058
11 24 0 0.000904467935975
11 24 1 0.000820012808025
11 25 0 0.000226274136453
11 25 1 0.000897920451547
11 26 0 2.12501581878e-05
11 26 1 0.000123762320812
11 27 0 2.36609953275e-06
11 27 1 5.69813064673e-05
11 28 0 0.000729106122363
11 28 1 3.61701846367e-05
11 29 0 7.85502713199e-05
11 29 1 1.29863680057e-07
11 30 0 1.9368912719e-06
11 30 1 1.41724557281e-05
11 31 0 6.65939464321e-05
11 31 1 0.000122118485568
12 0 0 0.000369819028182
12 0 1 0.000170170133818
12 1 0 0.000368294334279
12 1 1 0.00738850733772
12 2 0 0.00715852240316
12 2 1 0.00160776274584
12 3 0 0.00068028030095
12 3 1 0.00220867321605
12 4 0 0.0013927480075
12 4 1 0.0068706591485
12 5 0 0.0046924918469
12 5 1 0.0165516408661
12 6 0 0.00383941832154
12 6 1 0.00781978663846
12 7 0 0.00152127829682
12 7 1 0.000950274918178
12 8 0 0.00323586116331
12 8 1 0.00494453728569
12 9 0 0.000102880841139
12 9 1 0.000445720470861
12 10 0 0.00297059282324
12 10 1 0.00613648032676
12 11 0 0.00328443076791
12 11 1 0.0199948904951
12 13 0 0.000508841959267
12 13 1 0.000137222503733
12 14 0 0.00172641293356
12 14 1 0.000379198347439
12 15 0 0.0181240556113
12 15 1 0.00811820766267
12 16 0 0.00038861953105
12 16 1 0.00109492636795
12 17 0 0.0011059161308
12 17 1 0.0227631361222
12 18 0 0.0593007902015
12 18 1 0.00675595874546
12 19 0 0.0117667768238
12 19 1 0.0086496103822
12 20 0 0.000878138409265
12 20 1 0.0222541249167
12 21 0 0.000174746448533
12 21 1 9.89014814674e-05
12 22 0 0.000243099842974
12 22 1 0.000204281605026
12 23 0 0.00112250245627
12 23 1 0.00166161470173
12 24 0 0.0093683408383
12 24 1 0.0172904459437
12 25 0 0.00207131390527
12 25 1 0.0153076356287
12 26 0 0.000896287278738
12 26 1 0.00134546390626
12 27 0 0.000916896422955
12 27 1 5.56474045405e-07
12 28 0 0.00665899847536
12 28 1 0.00517142524964
12 29 0 0.000458071904926
12 29 1 0.000758246075074
12 30 0 0.000241406500622
12 30 1 7.62826637826e-06
12 31 0 0.0022940675883
12 31 1 0.000623242159698
13 0 0 5.32765178162e-05
13 0 1 0.000236735872184
13 1 0 0.00303208143379
13 1 1 0.00113386994121
13 2 0 0.00321587386196
13 2 1 0.00149224157204
13 3 0 0.000460597779482
13 3 1 0.00109097468352
13 4 0 0.000217530724801
13 4 1 0.0042205036432
13 5 0 0.00979595905237
13 5 1 0.00161364346563
13 6 0 0.000852722004759
13 6 1 0.00540909607324
13 7 0 0.000627314628538
13 7 1 0.000700084337462
13 8 0 0.00154573110915
13 8 1 0.00284772170985
13 9 0 0.000175108137566
13 9 1 0.000119529586434
13 10 0 0.00335274838038
13 10 1 0.00153839432462
13 11 0 0.00770887398579
13 11 1 0.00479376879521
13 12 0 0.00212376549747
13 12 1 0.00304440300953
13 14 0 0.000815762246587
13 14 1 0.000315100006413
13 15 0 0.011777841806
13 15 1 0.00231611049502
13 16 0 0.000288283052846
13 16 1 0.000508486071154
13 17 0 0.00227157558097
13 17 1 0.010547794472
13 18 0 0.0276693636506
13 18 1 0.0078077847614
13 19 0 0.00242572136563
13 19 1 0.00853932324337
13 20 0 0.00710097512928
13 20 1 0.00532268713372
13 21 0 2.81636203763e-05
13 21 1 0.000118804681624
13 22 0 0.000139730129504
13 22 1 0.000100545364496
13 23 0 0.000460772795735
13 23 1 0.00103449512427
13 24 0 0.00219070352629
13 24 1 0.0121269513727
13 25 0 0.00295075916675
13 25 1 0.00638296648125
13 26 0 0.00114104901931
13 26 1 6.29299946891e-05
13 27 0 0.00042453801582
13 27 1 6.81991091805e-05
13 28 0 0.0037037979227
13 28 1 0.0026499767473
13 29 0 0.000301615892829
13 29 1 0.000351632930171
13 30 0 8.69572650571e-05
13 30 1 4.67920269429e-05
13 31 0 0.00031381261243
13 31 1 0.00125298915357
14 0 0 3.3923055377e-05
14 0 1 0.000174309133623
14 1 0 0.0020209845318
14 1 1 0.000970215854202
14 2 0 0.00316287915647
14 2 1 0.000217601179528
14 3 0 0.000498310126692
14 3 1 0.000615736517308
14 4 0 0.00038523965407
14 4 1 0.00280131940993
14 5 0 0.00705846623812
14 5 1 0.00113375791088
14 6 0 0.000546987320102
14 6 1 0.0039490691539
14 7 0 0.000865912160582
14 7 1 8.71753674175e-05
14 8 0 0.000590836569269
14 8 1 0.00256371243673
14 9 0 0.000144541908645
14 9 1 6.70113223551e-05
14 10 0 0.00201084185696
14 10 1 0.00150105413804
14 11 0 0.0069567253737
14 11 1 0.0020203140943
14 12 0 0.000891868445777
14 12 1 0.00281893522022
14 13 0 0.000156290935553
14 13 1 9.28463194475e-05
14 15 0 0.00452016519821
14 15 1 0.00559945257179
14 16 0 0.000271117823823
14 16 1 0.000300971454177
14 17 0 0.00402233330343
14 17 1 0.00518211994157
14 18 0 0.0146877494044
14 18 1 0.0107852459506
14 19 0 0.00250688878406
14 19 1 0.00536613773894
14 20 0 0.00688512889678
14 20 1 0.00203520166222
14 21 0 1.05981711616e-05
14 21 1 9.49267378384e-05
14 22 0 0.00010580545424
14 22 1 6.67150787599e-05
14 23 0 0.000539816257762
14 23 1 0.000533803085238
14 24 0 0.00828131899023
14 24 1 0.00199891978477
14 25 0 0.00270266279642
14 25 1 0.00399905819058
14 26 0 0.000691795558621
14 26 1 0.000172675043379
14 27 0 4.99797232162e-05
14 27 1 0.000303811126784
14 28 0 0.0037265824207
14 28 1 0.000835499931304
14 29 0 0.000125718027748
14 29 1 0.000343322044252
14 30 0 8.42306712542e-05
14 30 1 1.18028387458e-05
14 31 0 0.0010648437696
14 31 1 6.01376873997e-05
15 0 0 0.000137613682359
15 0 1 5.28886864137e-06
15 1 0 0.00162254345715
15 1 1 0.000430213942852
15 2 0 0.000200278989734
15 2 1 0.00211962778027
15 3 0 0.000741731752443
15 3 1 2.27999405567e-05
15 4 0 0.000956286544588
15 4 1 0.00123053876141
15 5 0 0.00463590602254
15 5 1 0.000986134154457
15 6 0 0.00142883960256
15 6 1 0.00165664849944
15 7 0 2.89838036783e-06
15 7 1 0.000651172635632
15 8 0 0.000559146716791
15 8 1 0.00160571119321
15 9 0 7.43622124208e-05
15 9 1 7.08194555792e-05
15 10 0 0.00126888909078
15 10 1 0.00114120370222
15 11 0 0.00580767020448
15 11 1 0.000352961589516
15 12 0 0.000796677721232
15 12 1 0.00174991852877
15 13 0 0.000135308861368
15 13 1 3.56654226325e-05
15 14 0 0.000486109311748
15 14 1 7.11189532519e-05
15 16 0 6.30344651402e-05
15 16 1 0.00032957062586
15 17 0 0.00295171785649
15 17 1 0.00336498014951
15 18 0 0.00117004441817
15 18 1 0.0163111915328
15 19 0 0.00395815627433
15 19 1 0.00144482960867
15 20 0 0.00250818324328
15 20 1 0.00361353118772
15 21 0 6.96581915912e-05
15 21 1 2.75990540883e-06
15 22 0 2.94318104019e-05
15 22 1 8.89630665981e-05
15 23 0 0.000153131287782
15 23 1 0.000583656546218
15 24 0 0.00279909716983
15 24 1 0.00425587524917
15 25 0 0.00251632302783
15 25 1 0.00208283636517
15 26 0 0.000159679723827
15 26 1 0.000433576560173
15 27 0 0.000232278997071
15 27 1 1.05154309287e-05
15 28 0 0.000462151569673
15 28 1 0.00266864780833
15 29 0 8.94954643221e-05
15 29 1 0.000232390519678
15 30 0 5.98125754332e-05
15 30 1 6.09190156683e-06
15 31 0 0.000444441473121
15 31 1 0.000327594402879
16 0 0 1.49805095521e-05
16 0 1 3.83483554479e-05
16 1 0 0.000416304700567
16 1 1 0.000349750353433
16 2 0 0.000778240975427
16 2 1 8.75097975725e-05
16 3 0 0.00012112465903
16 3 1 0.00016418590297
16 4 0 0.000537250880576
16 4 1 0.000278836094424
16 5 0 0.000520349039567
16 5 1 0.00157770321343
16 6 0 2.26003623763e-05
16 6 1 0.00112885267962
16 7 0 7.919374435e-05
16 7 1 0.00016489472265
16 8 0 0.000422344927428
16 8 1 0.000385544179572
16 9 0 2.30220373589e-05
16 9 1 3.11573556411e-05
16 10 0 6.9120736844e-05
16 10 1 0.000830285965156
16 11 0 0.00226501476145
16 11 1 3.40309605468e-05
16 12 0 9.00881456532e-05
16 12 1 0.000860259385347
16 13 0 7.37840787746e-06
16 13 1 5.64263621225e-05
16 14 0 0.000122425734562
16 14 1 8.55226224384e-05
16 15 0 0.000264186726085
16 15 1 0.00232747659791
16 17 0 0.000881984538094
16 17 1 0.00147530250891
16 18 0 0.00454483675301
16 18 1 0.00197887089199
16 19 0 0.00040389014109
16 19 1 0.00161241467891
16 20 0 0.000815288174671
16 20 1 0.00146923423233
16 21 0 1.92225453538e-05
16 21 1 7.80268864621e-06
16 22 0 2.49850717427e-05
16 22 1 1.91979352573e-05
16 23 0 0.000178301731504
16 23 1 9.66552814956e-05
16 24 0 0.00263113477368
16 24 1 1.66405332269e-06
16 25 0 0.000842184015757
16 25 1 0.000874146075243
16 26 0 0.000161684101336
16 26 1 5.97093156638e-05
16 27 0 2.13712084845e-05
16 27 1 6.92356495155e-05
16 28 0 0.000439951881671
16 28 1 0.000728410578329
16 29 0 7.89485159567e-05
16 29 1 4.11740000433e-05
16 30 0 6.32077570516e-06
16 30 1 1.82736832948e-05
16 31 0 0.000124637269047
16 31 1 0.000163473729953
17 0 0 1.9082805834e-05
17 0 1 5.7891642166e-05
17 1 0 0.000651044927931
17 1 1 0.000454672685069
17 2 0 0.00043725252774
17 2 1 0.00081236507226
17 3 0 0.000379329085908
17 3 1 3.24858500916e-05
17 4 0 0.000955164999448
17 4 1 0.000222768280552
17 5 0 0.00177954404396
17 5 1 0.00124876745604
17 6 0 0.00162463588433
17 6 1 3.736203967e-05
17 7 0 0.000222496410901
17 7 1 0.000129818891099
17 8 0 8.0961741963e-05
17 8 1 0.00108513880104
17 9 0 4.26731364712e-06
17 9 1 7.39347803529e-05
17 10 0 0.000704504205007
17 10 1 0.000593692088993
17 11 0 0.00106579793322
17 11 1 0.00225262589878
17 12 0 0.000838557295873
17 12 1 0.000533166574127
17 13 0 2.1346032891e-05
17 13 1 7.0749251109e-05
17 14 0 4.06567817819e-05
17 14 1 0.000259494179218
17 15 0 0.00219797990559
17 15 1 0.00154280578441
17 16 0 1.29575265482e-05
17 16 1 0.000198519174452
17 18 0 0.00528557042091
17 18 1 0.00413069595209
17 19 0 0.0028994871422
17 19 1 1.08307797966e-05
17 20 0 0.00301787430043
17 20 1 0.000279586697573
17 21 0 1.97493989005e-05
17 21 1 1.92586030995e-05
17 22 0 3.27987798294e-05
17 22 1 3.09746111706e-05
17 23 0 0.000356422571874
17 23 1 4.04481371261e-05
17 24 0 0.00296942970345
17 24 1 0.000830730636554
17 25 0 0.00232334511973
17 25 1 0.00015399172627
17 26 0 0.000288176626826
17 26 1 3.13808241742e-05
17 27 0 1.98165552652e-05
17 27 1 0.000110964644735
17 28 0 0.00101838351458
17 28 1 0.00066802132442
17 29 0 8.98121000215e-05
17 29 1 8.35717599785e-05
17 30 0 9.14450745113e-06
17 30 1 2.63549345489e-05
17 31 0 0.000332094773596
17 31 1 8.37622904045e-05
18 0 0 4.55298000777e-05
18 0 1 6.55064089223e-05
18 1 0 0.00119297584743
18 1 1 0.000402029964566
18 2 0 0.000737632040481
18 2 1 0.00106495056352
18 3 0 0.000408623114845
18 3 1 0.000185422968155
18 4 0 0.000306219472431
18 4 1 0.00139295797157
18 5 0 8.34166993029e-05
18 5 1 0.0042849449747
18 6 0 0.00149337282089
18 6 1 0.000904071442106
18 7 0 0.000129955009135
18 7 1 0.000378262411865
18 8 0 0.000852794010548
18 8 1 0.000829314623452
18 9 0 1.48824606295e-05
18 9 1 9.79246363705e-05
18 10 0 8.76894650094e-05
18 10 1 0.00178496826399
18 11 0 0.00317180212356
18 11 1 0.00161504873044
18 12 0 8.34402718602e-05
18 12 1 0.00189528152814
18 13 0 1.38065904132e-05
18 13 1 0.000119041536587
18 14 0 0.000275281610565
18 14 1 0.000157688365435
18 15 0 6.97248221895e-05
18 15 1 0.00532638612681
18 16 0 5.03249362951e-05
18 16 1 0.000254731764705
18 17 0 0.00280554452871
18 17 1 0.00210257078329
18 19 0 0.00411556907749
18 19 1 8.25859895066e-05
18 20 0 0.00331026197627
18 20 1 0.00144634983373
18 21 0 4.80355003731e-05
18 21 1 8.23383062687e-06
18 22 0 5.05502358907e-05
18 22 1 4.14433511093e-05
18 23 0 4.43182947527e-05
18 23 1 0.000528170629247
18 24 0 0.00359738105223
18 24 1 0.00188437826677
18 25 0 0.00141154503755
18 25 1 0.00216203163445
18 26 0 0.000230319480806
18 26 1 0.000230644499194
18 27 0 1.86769770603e-05
18 27 1 0.00016997586794
18 28 0 0.0015372964035
18 28 1 0.000895355015502
18 29 0 5.47514769448e-05
18 29 1 0.000195356020055
18 30 0 2.96244353435e-05
18 30 1 2.15837706565e-05
18 31 0 0.000279360823999
18 31 1 0.000320516058001
19 0 0 5.06985034381e-05
19 0 1 0.000145913786562
19 1 0 0.00150911150438
19 1 1 0.00131517210562
19 2 0 0.00304337372248
19 2 1 0.000148467001524
19 3 0 0.000985207050063
19 3 1 6.66728889375e-05
19 4 0 0.000812969609889
19 4 1 0.00219577115511
19 5 0 0.00140326074666
19 5 1 0.00633181594734
19 6 0 0.000195182080064
19 6 1 0.00404998272694
19 7 0 3.13820574315e-06
19 7 1 0.000896764555257
19 8 0 0.00226138053961
19 8 1 0.000717136411387
19 9 0 0.000142768061984
19 9 1 5.69799480159e-05
19 10 0 0.00114704259581
19 10 1 0.00216888045119
19 11 0 0.0040601685492
19 11 1 0.0044159287238
19 12 0 0.00203159415048
19 12 1 0.00147213700152
19 13 0 0.000102947289305
19 13 1 0.000132287457695
19 14 0 6.88751999193e-06
19 14 1 0.000759774267008
19 15 0 0.00746759651245
19 15 1 0.00208732021655
19 16 0 1.49514623733e-05
19 16 1 0.000525213742627
19 17 0 0.0003530755017
19 17 1 0.0083377452663
19 18 0 0.0155161550582
19 18 1 0.00853538077782
19 20 0 0.0060319611121
19 20 1 0.0023905917569
19 21 0 9.39825641042e-05
19 21 1 5.6537798958e-06
19 22 0 0.000146798396283
19 22 1 1.60950417165e-05
19 23 0 0.00101328617545
19 23 1 4.22410549752e-07
19 24 0 0.00761763491475
19 24 1 0.00208893974825
19 25 0 0.00400393371815
19 25 1 0.00232381377485
19 26 0 0.000447845891575
19 26 1 0.000368384998425
19 27 0 0.000118366609549
19 27 1 0.000215681789451
19 28 0 0.00213441614589
19 28 1 0.00217309012311
19 29 0 0.000121331169953
19 29 1 0.000321535244047
19 30 0 6.20830770886e-05
19 30 1 2.85915129114e-05
19 31 0 0.000446729542841
19 31 1 0.000615475017159
20 0 0 7.69341061887e-05
20 0 1 0.000172683895811
20 1 0 0.00210232844693
20 1 1 0.00148336821107
20 2 0 0.00221620884638
20 2 1 0.00183613652562
20 3 0 0.00126722465885
20 3 1 6.82369661544e-05
20 4 0 0.00229296316653
20 4 1 0.00152691939247
20 5 0 0.00245770930798
20 5 1 0.00736270623102
20 6 0 0.00416388820611
20 6 1 0.00122575226989
20 7 0 0.000454726364135
20 7 1 0.000687785778865
20 8 0 0.00183494315401
20 8 1 0.00194656739899
20 9 0 0.00013156359377
20 9 1 0.00012203550223
20 10 0 0.00420039844963
20 10 1 9.4812323705e-06
20 11 0 0.00213229470765
20 11 1 0.00862891693335
20 12 0 0.00371239003261
20 12 1 0.000735929900388
20 13 0 0.000134899729518
20 13 1 0.000163753154482
20 14 0 0.000871776255525
20 14 1 0.000101573799475
20 15 0 0.00237826341307
20 15 1 0.00975261213293
20 16 0 0.000598786025903
20 16 1 8.70050770975e-05
20 17 0 0.00753901694465
20 17 1 0.00349480659635
20 18 0 0.0291468823958
20 18 1 0.00138882986619
20 19 0 0.00272744520752
20 19 1 0.00671033268948
20 21 0 1.71689898345e-05
20 21 1 0.000109328825166
20 22 0 0.00010015755839
20 22 1 0.00010665115361
20 23 0 0.00122124128061
20 23 1 6.57581823851e-05
20 24 0 0.0109178629363
20 24 1 0.00140555678174
20 25 0 0.00778774210097
20 25 1 0.000245935167031
20 26 0 0.000362620583849
20 26 1 0.000673662161151
20 27 0 0.00022723548129
20 27 1 0.00019687073271
20 28 0 0.00480583267474
20 28 1 0.00066295621626
20 29 0 0.000106668755827
20 29 1 0.000455592277173
20 30 0 3.4124610985e-05
20 30 1 8.0995405015e-05
20 31 0 0.00132831086801
20 31 1 2.02588459936e-05
21 0 0 0.000154747896682
21 0 1 6.81714013185e-05
21 1 0 0.000496094094989
21 1 1 0.00270608274101
21 2 0 0.00154376078061
21 2 1 0.00207515284139
21 3 0 0.000872805024433
21 3 1 0.000319817968567
21 4 0 0.00144610632252
21 4 1 0.00196520830148
21 5 0 0.00611879034886
21 5 1 0.00265125077614
21 6 0 0.00433395315659
21 6 1 0.000479220832407
21 7 0 0.000669095307695
21 7 1 0.000351215741305
21 8 0 0.00296237635868
21 8 1 0.000414670461324
21 9 0 3.30291054313e-05
21 9 1 0.000193445476569
21 10 0 0.00153797079402
21 10 1 0.00222162754498
21 11 0 0.00903932277845
21 11 1 0.000570888549554
21 12 0 0.00171490565066
21 12 1 0.00225762978834
21 13 0 0.000107497503981
21 13 1 0.000159211991019
21 14 0 2.44053527815e-05
21 14 1 0.000844836888218
21 15 0 0.010193945938
21 15 1 0.000639432446977
21 16 0 0.000252458719229
21 16 1 0.000359981370771
21 17 0 0.00344542754925
21 17 1 0.00640823758775
21 18 0 5.96982332691e-05
21 18 1 0.0272099678297
21 19 0 0.00694818178689
21 19 1 0.00148014794711
21 20 0 0.0021363496667
21 20 1 0.0074131529383
21 22 0 0.000139941247514
21 22 1 4.47475674858e-05
21 23 0 0.000503007628421
21 23 1 0.000646336630579
21 24 0 0.00271700155149
21 24 1 0.00828832681851
21 25 0 0.00553623659718
21 25 1 0.00163817264782
21 26 0 0.000831421012815
21 26 1 9.40227481848e-05
21 27 0 0.000244773874655
21 27 1 0.000133970682345
21 28 0 0.00185879534995
21 28 1 0.00302506147805
21 29 0 0.000296122884445
21 29 1 0.000205999694555
21 30 0 8.76976970066e-05
21 30 1 1.51092839934e-05
21 31 0 0.000499723012129
21 31 1 0.000704606051871
22 0 0 3.37149785916e-05
22 0 1 5.99335424084e-05
22 1 0 0.00130624543751
22 1 1 3.89908324942e-05
22 2 0 0.000413529203838
22 2 1 0.00110677842316
22 3 0 0.000106673502436
22 3 1 0.000394348080564
22 4 0 0.000641059043717
22 4 1 0.000792036128283
22 5 0 0.0012090923978
22 5 1 0.0024752067592
22 6 0 0.00050266103526
22 6 1 0.00151935603574
22 7 0 0.000202167113533
22 7 1 0.000226466126467
22 8 0 0.00117482889718
22 8 1 0.000243870350819
22 9 0 3.18951839929e-06
22 9 1 9.19525796007e-05
22 10 0 0.00155470089853
22 10 1 2.47084554739e-05
22 11 0 0.00272502410302
22 11 1 0.00131223102298
22 12 0 0.00103825718397
22 12 1 0.000630607165027
22 13 0 8.1765086304e-05
22 13 1 3.0279720696e-05
22 14 0 7.53913137835e-05
22 14 1 0.000289777835216
22 15 0 0.000424953448464
22 15 1 0.00412615483954
22 16 0 4.49779792975e-06
22 16 1 0.00025278862407
22 17 0 0.00404416950894
22 17 1 9.53606980644e-05
22 18 0 0.00744917692768
22 18 1 0.00400682495932
22 19 0 0.00168255687981
22 19 1 0.00185818913119
22 20 0 0.000335234835662
22 20 1 0.00367651652234
22 21 0 9.36421542075e-06
22 21 1 3.80936335793e-05
22 23 0 9.61288616272e-05
22 23 1 0.000386711301373
22 24 0 0.00163369255173
22 24 1 0.00298965202027
22 25 0 0.00123807172246
22 25 1 0.00177590159354
22 26 0 1.19620799169e-06
22 26 1 0.000387583231008
22 27 0 0.000136597362823
22 27 1 2.25134361772e-05
22 28 0 0.00129716007944
22 28 1 0.000754550891556
22 29 0 0.000108730960153
22 29 1 0.000102211014847
22 30 0 2.66890861712e-05
22 30 1 1.65001838288e-05
22 31 0 0.000351030196106
22 31 1 0.000154909113894
23 0 0 0.000107018191095
23 0 1 3.9482832905e-05
23 1 0 0.00103972233004
23 1 1 0.00106472618696
23 2 0 0.00158513753455
23 2 1 0.000793187522449
23 3 0 0.000387239806244
23 3 1 0.000396543794756
23 4 0 0.00159298651407
23 4 1 0.000648905913935
23 5 0 0.00270135536587
23 5 1 0.00306225513613
23 6 0 0.000469552135151
23 6 1 0.00269363259285
23 7 0 0.000101536198004
23 7 1 0.000569005181996
23 8 0 0.00143769840986
23 8 1 0.000781673454138
23 9 0 2.52153593477e-05
23 9 1 0.000123622172652
23 10 0 0.00133545159932
23 10 1 0.00113533048268
23 11 0 0.00198056962705
23 11 1 0.00433519493395
23 12 0 0.00216055256136
23 12 1 0.000450170312645
23 13 0 0.000166784965907
23 13 1 8.49467409316e-06
23 14 0 0.000109475844286
23 14 1 0.000461784157714
23 15 0 0.00215908301085
23 15 1 0.00496053849815
23 16 0 6.99072637869e-06
23 16 1 0.000395500673621
23 17 0 0.00500576873837
23 17 1 0.00146999198563
23 18 0 0.00368256930307
23 18 1 0.0142388670339
23 19 0 0.00444638876196
23 19 1 0.00109265137204
23 20 0 0.00395423907419
23 20 1 0.00232162813281
23 21 0 3.22104584881e-05
23 21 1 4.20312205119e-05
23 22 0 6.82841712128e-05
23 22 1 5.30920437872e-05
23 24 0 0.00505867553983
23 24 1 0.00217395031217
23 25 0 0.00144104103141
23 25 1 0.00327393121059
23 26 0 0.000506385564122
23 26 1 0.000101809688878
23 27 0 0.00024180894295
23 27 1 7.09936605021e-06
23 28 0 0.00185107966419
23 28 1 0.00135855733781
23 29 0 1.83545178467e-05
23 29 1 0.000311636976153
23 30 0 2.44283171257e-05
23 30 1 4.31357208743e-05
23 31 0 0.000140120110868
23 31 1 0.000651356638132
24 0 0 0.000204742495107
24 0 1 0.000211071334893
24 1 0 0.00267075393344
24 1 1 0.00330230190356
24 2 0 0.00336271762058
24 2 1 0.00338768195042
24 3 0 0.00111514242797
24 3 1 0.00110947042103
24 4 0 0.00534253631178
24 4 1 0.00102062655322
24 5 0 0.000845458799678
24 5 1 0.0155133958263
24 6 0 0.00380066972785
24 6 1 0.00517739690215
24 7 0 0.000389735942915
24 7 1 0.00151346153309
24 8 0 0.00409029624138
24 8 1 0.00220894651062
24 9 0 0.000359319545105
24 9 1 6.31259948953e-05
24 10 0 0.0045789006098
24 10 1 0.0024339197182
24 11 0 0.0148062988896
24 11 1 0.00311973449941
24 12 0 0.00217392878381
24 12 1 0.00523608547019
24 13 0 6.11323716935e-05
24 13 1 0.000436363797307
24 14 0 0.000611295248831
24 14 1 0.00101011190917
24 15 0 0.0114219909463
24 15 1 0.00878562947066
24 16 0 0.000101639277528
24 16 1 0.00104075198947
24 17 0 0.010621385807
24 17 1 0.00775876466302
24 18 0 0.0336698550377
24 18 1 0.0171965544173
24 19 0 0.00424203455771
24 19 1 0.0114794220343
24 20 0 0.00178917123494
24 20 1 0.0160236215031
24 21 0 9.06650945459e-05
24 21 1 0.000120055049454
24 22 0 0.000322716794917
24 22 1 2.17852920827e-05
24 23 0 0.00174925093408
24 23 1 0.000394633612925
24 25 0 0.00684220984413
24 25 1 0.00654029500187
24 26 0 0.00164575684034
24 26 1 8.04836346561e-05
24 27 0 8.71426711845e-05
24 27 1 0.000619333736815
24 28 0 0.00419500536492
24 28 1 0.00491490674608
24 29 0 0.000330879178899
24 29 1 0.000605735617101
24 30 0 5.48448948063e-05
24 30 1 0.000136922103194
24 31 0 0.00183198419066
24 31 1 0.000414464121343
25 0 0 4.82441346466e-06
25 0 1 3.94368475353e-05
25 1 0 0.000336580886206
25 1 1 0.000299220433794
25 2 0 1.91359116835e-05
25 2 1 0.000699409683316
25 3 0 0.000218735763089
25 3 1 1.80629249109e-05
25 4 0 0.00015820021917
25 4 1 0.00051912600383
25 5 0 0.00161633166183
25 5 1 0.000124984952171
25 6 0 0.000724816772404
25 6 1 0.000230852615596
25 7 0 0.000201947891172
25 7 1 6.37769828248e-07
25 8 0 0.000283578614501
25 8 1 0.000386943638499
25 9 0 3.87618511918e-05
25 9 1 6.20532080817e-06
25 10 0 0.000679306117803
25 10 1 6.71728271965e-05
25 11 0 0.000546585816469
25 11 1 0.00136154898153
25 12 0 0.000106826930768
25 12 1 0.000681931281232
25 13 0 1.23965071e-05
25 13 1 4.05594219e-05
25 14 0 0.000153739810264
25 14 1 1.88507097358e-05
25 15 0 0.000407186366012
25 15 1 0.00174381173099
25 16 0 4.17434537712e-05
25 16 1 7.98582682288e-05
25 17 0 0.00158436195653
25 17 1 0.000372111287465
25 18 0 0.00182505730308
25 18 1 0.00358941246892
25 19 0 0.000729014283604
25 19 1 0.000944454561396
25 20 0 0.00025489254698
25 20 1 0.00164118836102
25 21 0 1.492816956e-05
25 21 1 7.50191444003e-06
25 22 0 2.54802008585e-05
25 22 1 1.11902891415e-05
25 23 0 8.64337793582e-05
25 23 1 0.000141771792642
25 24 0 3.30672182169e-05
25 24 1 0.00215207203678
25 26 0 3.86627531937e-05
25 26 1 0.000145086737806
25 27 0 1.08487843388e-05
25 27 1 6.43520246612e-05
25 28 0 0.000782775458309
25 28 1 0.000186928208691
25 29 0 4.28760150861e-05
25 29 1 5.68218519139e-05
25 30 0 1.10498686103e-05
25 30 1 9.36275038969e-06
25 31 0 6.89857001151e-05
25 31 1 0.000170137261885
26 0 0 9.58593749764e-05
26 0 1 9.46953700236e-05
26 1 0 0.0013345384906
26 1 1 0.0014027300944
26 2 0 0.00156618813114
26 2 1 0.00152731328286
26 3 0 0.000847381469348
26 3 1 0.000172090477652
26 4 0 0.000740221534225
26 4 1 0.00217582115577
26 5 0 0.00165817296905
26 5 1 0.00583858916895
26 6 0 0.00126928681282
26 6 1 0.00284508619918
26 7 0 0.00040943496664
26 7 1 0.00046274215736
26 8 0 0.000121583404227
26 8 1 0.00276516665477
26 9 0 3.17627544153e-06
26 9 1 0.000190417579558
26 10 0 0.00219565593492
26 10 1 0.00101810487608
26 11 0 0.00821160093338
26 11 1 3.35124262071e-06
26 12 0 0.0026297277274
26 12 1 0.000766054897602
26 13 0 8.87361747648e-05
26 13 1 0.000139251085235
26 14 0 0.000552892043131
26 14 1 0.000190149206869
26 15 0 0.0053900908486
26 15 1 0.0038704427954
26 16 0 0.000441390548516
26 16 1 8.21323874837e-05
26 17 0 0.00459170242537
26 17 1 0.00383135770263
26 18 0 0.0099551554844
26 18 1 0.0133553623506
26 19 0 0.00524744389512
26 19 1 0.00195721824288
26 20 0 0.00283313861218
26 20 1 0.00532991884082
26 21 0 2.12201406519e-05
26 21 1 7.53464483481e-05
26 22 0 0.000146694340734
26 22 1 1.11804162657e-05
26 23 0 0.000291956271089
26 23 1 0.000690520366911
26 24 0 0.00626517851151
26 24 1 0.00314234054849
26 25 0 0.00199936674063
26 25 1 0.00413342543437
26 27 0 0.000140327099425
26 27 1 0.000183429404575
26 28 0 0.00173645861339
26 28 1 0.00243833514561
26 29 0 3.34850200578e-05
26 29 1 0.000395736859942
26 30 0 7.13321826365e-05
26 30 1 1.65487603635e-05
26 31 0 0.000945387403544
26 31 1 8.40910674556e-05
27 0 0 0.000123333482011
27 0 1 2.49107898941e-06
27 1 0 0.00143046090842
27 1 1 0.000376975678578
27 2 0 0.00075241303475
27 2 1 0.00129024645125
27 3 0 0.000413029053405
27 3 1 0.000260135029595
27 4 0 0.000768224911737
27 4 1 0.00115725740226
27 5 0 0.00291921377873
27 5 1 0.00203094794427
27 6 0 0.00148504768107
27 6 1 0.00123170008593
27 7 0 0.000153080457574
27 7 1 0.000422823877426
27 8 0 0.000487744754357
27 8 1 0.00141839544164
27 9 0 3.03431781108e-05
27 9 1 9.74881268892e-05
27 10 0 0.00180823684078
27 10 1 0.000313830721222
27 11 0 0.00336254325876
27 11 1 0.00206184410524
27 12 0 0.000460298006286
27 12 1 0.00178195976571
27 13 0 5.93406599053e-05
27 13 1 9.12008390947e-05
27 14 0 0.00017789849871
27 14 1 0.00031273656329
27 15 0 0.00503587669453
27 15 1 0.00107891504347
27 16 0 0.000111440629623
27 16 1 0.000234245034377
27 17 0 0.00483884250185
27 17 1 0.000722959923153
27 18 0 0.00621977542314
27 18 1 0.00917231398886
27 19 0 0.00190231283615
27 19 1 0.00285497332085
27 20 0 0.00127152357414
27 20 1 0.00411859736086
27 21 0 3.08892534489e-06
27 21 1 6.06746336551e-05
27 22 0 2.82992150654e-05
27 22 1 7.59465339346e-05
27 23 0 0.000583148071213
27 23 1 6.55877647867e-05
27 24 0 0.00216232272023
27 24 1 0.00404952446177
27 25 0 0.00201482239392
27 25 1 0.00203470092308
27 26 0 0.000284407773095
27 26 1 0.000237949672905
27 28 0 0.00144269287576
27 28 1 0.00131395111124
27 29 0 0.00015529098809
27 29 1 0.00012812706391
27 30 0 5.65507225357e-05
27 30 1 1.47764646429e-06
27 31 0 0.000654152158723
27 31 1 2.5619298277e-05
28 0 0 4.01727660708e-05
28 0 1 8.67978609292e-05
28 1 0 8.74592491705e-05
28 1 1 0.00173644026883
28 2 0 0.00196662943622
28 2 1 9.46354947779e-05
28 3 0 0.000152209355449
28 3 1 0.000527086203551
28 4 0 0.00109317051323
28 4 1 0.000849849943766
28 5 0 0.00221211388538
28 5 1 0.00278313609762
28 6 0 0.000380771462477
28 6 1 0.00236072164352
28 7 0 0.00042889755442
28 7 1 0.00015225237158
28 8 0 0.00107126314293
28 8 1 0.00085223902007
28 9 0 5.55440850899e-05
28 9 1 7.34515639101e-05
28 10 0 2.94903946818e-05
28 10 1 0.00211190589632
28 11 0 0.00127437277275
28 11 1 0.00419942230825
28 12 0 0.00112905821235
28 12 1 0.00113362303465
28 13 0 8.48672099146e-05
28 13 1 6.70454870854e-05
28 14 0 1.66637221183e-05
28 14 1 0.000478440260882
28 15 0 0.00496463040129
28 15 1 0.00120585756171
28 16 0 0.000154690114556
28 16 1 0.000194144207444
28 17 0 0.0039203758103
28 17 1 0.0016920859687
28 18 0 0.00346962598912
28 18 1 0.0120626613749
28 19 0 0.000305112548433
28 19 1 0.00449550507257
28 20 0 0.0034610256466
28 20 1 0.0019781908914
28 21 0 5.66672644276e-05
28 21 1 7.67708157244e-06
28 22 0 9.91558565526e-05
28 22 1 6.03940844745e-06
28 23 0 0.000271588688535
28 23 1 0.000383056119465
28 24 0 0.000561875768266
28 24 1 0.00570655166273
28 25 0 0.00068588423329
28 25 1 0.00340052393171
28 26 0 0.00013173015519
28 26 1 0.00039538515281
28 27 0 4.6963845395e-05
28 27 1 0.000168761909605
28 29 0 1.66501811614e-05
28 29 1 0.000269349367839
28 30 0 1.84286547343e-05
28 30 1 4.01282622657e-05
28 31 0 0.000533887755805
28 31 1 0.000152075360195
29 0 0 0.000305833858754
29 0 1 6.28792424577e-06
29 1 0 0.00319865427422
29 1 1 0.00128489269978
29 2 0 0.00124350895528
29 2 1 0.00382353451372
29 3 0 0.00130223512471
29 3 1 0.000367623065293
29 4 0 0.00342866477968
29 4 1 0.00134770771432
29 5 0 0.00685132138337
29 5 1 0.00542810394763
29 6 0 0.00596301549431
29 6 1 0.000776178740687
29 7 0 0.000121549997597
29 7 1 0.0013070445964
29 8 0 0.00432407134129
29 8 1 0.000404320882713
29 9 0 5.61692750808e-05
29 9 1 0.000260930459919
29 10 0 0.00154318666572
29 10 1 0.00372083734728
29 11 0 0.010656200151
29 11 1 0.00279959449405
29 12 0 0.00299098826424
29 12 1 0.00257118089776
29 13 0 0.0001878348712
29 13 1 0.0001856000178
29 14 0 0.000944086287711
29 14 1 0.000272988415289
29 15 0 9.24727477812e-05
29 15 1 0.0150759465392
29 16 0 0.000728012030774
29 16 1 0.000129499609226
29 17 0 0.0036280248685
29 17 1 0.0101686430785
29 18 0 0.022554182275
29 18 1 0.015627603126
29 19 0 0.00393099751592
29 19 1 0.00786997857508
29 20 0 0.00578521306242
29 20 1 0.00758557990358
29 21 0 5.6267231196e-05
29 21 1 0.000101905350804
29 22 0 0.000131733956967
29 22 1 0.000126859188033
29 23 0 0.00123814619108
29 23 1 0.000371115020922
29 24 0 0.0146741748102
29 24 1 0.000735001272846
29 25 0 0.000378244916294
29 25 1 0.00966704693071
29 26 0 0.000278517929941
29 26 1 0.00101724766606
29 27 0 0.00010870120586
29 27 1 0.00042160024214
29 28 0 0.00578297012652
29 28 1 0.00105519110748
29 30 0 7.11553097251e-05
29 30 1 7.27904972749e-05
29 31 0 0.000263846956592
29 31 1 0.00142240155741
30 0 0 0.000159782645283
30 0 1 1.19338647173e-05
30 1 0 0.000377521636793
30 1 1 0.00208914067121
30 2 0 0.000708079951317
30 2 1 0.00207959802068
30 3 0 0.00028385920046
30 3 1 0.00063482778554
30 4 0 0.00247769381403
30 4 1 0.000150068996968
30 5 0 0.00672382669715
30 5 1 3.18057978474e-05
30 6 0 0.00197415206594
30 6 1 0.00173347417406
30 7 0 0.000654565599658
30 7 1 0.000131388124342
30 8 0 0.00131927081827
30 8 1 0.00128209523073
30 9 0 0.000131753316799
30 9 1 4.27018562005e-05
30 10 0 0.00262496812263
30 10 1 0.000271080406365
30 11 0 0.00307988803861
30 11 1 0.00432293425139
30 12 0 0.00116840849073
30 12 1 0.00189166718227
30 13 0 0.000163437781957
30 13 1 4.20106650433e-05
30 14 0 0.000150285882291
30 14 1 0.000519298335709
30 15 0 0.00155780906018
30 15 1 0.00678722855082
30 16 0 0.000225379608823
30 16 1 0.000246387868177
30 17 0 0.0043469171366
30 17 1 0.0032434395604
30 18 0 0.0129645345462
30 18 1 0.00804150630783
30 19 0 0.00384725899058
30 19 1 0.00264515049942
30 20 0 0.00703586178346
30 20 1 0.000320196094537
30 21 0 8.26696726409e-05
30 21 1 4.35034735913e-06
30 22 0 0.000116889969156
30 22 1 2.53772948443e-05
30 23 0 0.000831841727062
30 23 1 5.35073049378e-05
30 24 0 0.00183875505397
30 24 1 0.00663873699903
30 25 0 0.00524202754899
30 25 1 0.000284477005014
30 26 0 0.000118187677719
30 26 1 0.000594689018281
30 27 0 2.59342556256e-05
30 27 1 0.000265815691374
30 28 0 0.00123691642149
30 28 1 0.00252515737151
30 29 0 2.36281261689e-05
30 29 1 0.000363160893831
30 31 0 0.000265834694105
30 31 1 0.000661869570895
31 0 0 0.00026060342039
31 0 1 0.00010689729461
31 1 0 0.00337278410878
31 1 1 0.00190626659422
31 2 0 0.00403065357915
31 2 1 0.00193542183885
31 3 0 0.000609051631702
31 3 1 0.0013570850233
31 4 0 0.000473796530698
31 4 1 0.0051500349403
31 5 0 0.0129402741912
31 5 1 0.00151785668278
31 6 0 0.00155840148873
31 6 1 0.00637650992727
31 7 0 0.000207476487778
31 7 1 0.00147458981922
31 8 0 0.00262938067001
31 8 1 0.00293795752099
31 9 0 2.59771730623e-06
31 9 1 0.000370764173694
31 10 0 0.00540565899506
31 10 1 0.000792346696943
31 11 0 0.00965421187101
31 11 1 0.00618900837399
31 12 0 0.00195390496141
31 12 1 0.00459514497559
31 13 0 0.000331846362518
31 13 1 0.000107846078482
31 14 0 9.70977506546e-05
31 14 1 0.00133591925635
31 15 0 0.00669070734723
31 15 1 0.0111690039428
31 16 0 0.000901856968981
31 16 1 0.000107800665019
31 17 0 0.0074435422788
31 17 1 0.0088010315042
31 18 0 0.027221443126
31 18 1 0.017734834182
31 19 0 0.0124792377564
31 19 1 0.00141555391157
31 20 0 0.00772252626409
31 20 1 0.00802061068091
31 21 0 0.000177819316258
31 21 1 8.41740274245e-06
31 22 0 0.000101616061341
31 22 1 0.000202858571659
31 23 0 0.00133899581172
31 23 1 0.000555792306281
31 24 0 0.00606311425846
31 24 1 0.0120800706605
31 25 0 0.00879017378396
31 25 1 0.00303742728704
31 26 0 0.00126493772512
31 26 1 0.000260732088878
31 27 0 0.000594427620361
31 27 1 2.99637936388e-05
31 28 0 0.00180579975419
31 28 1 0.00624563810981
31 29 0 0.000154833057756
31 29 1 0.000672957127244
31 30 0 9.64633704551e-05
31 30 1 7.30223555449e-05
