s t h tm
0 1 0 0.000857085416027
0 1 1 0.013552533443
0 2 0 0.00261897606596
0 2 1 0.00212975368304
0 3 0 0.008211733883
0 3 1 0.005371277116
0 4 0 0.00940333987459
0 4 1 0.0255167945024
0 5 0 0.0136416058728
0 5 1 0.00552326234824
0 6 0 0.00308587723763
0 6 1 0.000976748973374
0 7 0 0.00279913439447
0 7 1 0.0106474306865
0 8 0 0.000522553239342
0 8 1 0.000379212523658
0 9 0 0.00228883847216
0 9 1 0.0126809521278
0 10 0 0.0275653598271
0 10 1 0.0107001244689
0 11 0 0.00612231336532
0 11 1 0.00969534009468
0 12 0 0.000734413203242
0 12 1 0.000327558032758
0 13 0 0.00108025073183
0 13 1 0.00238085685417
0 14 0 0.020776713358
0 14 1 0.022359119593
0 15 0 0.000247901260607
0 15 1 0.00219068368139
0 16 0 0.00441386699706
0 16 1 0.0348209901469
0 17 0 0.0215692962177
0 17 1 0.0870117685363
0 18 0 0.00854749274976
0 18 1 0.0250120313952
0 19 0 0.020897025756
0 19 1 0.017126731425
0 20 0 9.93494157037e-05
0 20 1 0.000350460543296
0 21 0 7.94107219637e-05
0 21 1 0.000655974454036
0 22 0 0.00286583508911
0 22 1 0.00171056944489
0 23 0 0.0321643151694
0 23 1 0.0116561800876
0 24 0 0.00134005777769
0 24 1 0.0272266651503
0 25 0 0.0031524838843
0 25 1 0.000532404252703
0 26 0 0.0014464269535
0 26 1 6.16401855037e-05
0 27 0 0.0102978607521
0 27 1 0.00914844905088
0 28 0 0.00169271104468
0 28 1 0.000306616859324
0 29 0 5.6034579183e-05
0 29 1 0.000353317387817
0 30 0 0.00321686329956
0 30 1 0.00157847712644
0 31 0 5.25174085336e-05
0 31 1 0.0909230342565
0 32 0 0.05317263571
0 32 1 0.000940072171039
1 0 0 1.75377243241e-05
1 0 1 0.00102095127968
1 2 0 9.90097105257e-05
1 2 1 0.000287766513474
1 3 0 0.000209082772828
1 3 1 0.000897231121172
1 4 0 0.00237534270182
1 4 1 0.00046884478018
1 5 0 0.000768962223717
1 5 1 0.000791984756283
1 6 0 0.000225503209653
1 6 1 0.000105391010347
1 7 0 0.000477819288899
1 7 1 0.000617381310101
1 8 0 3.69980522239e-05
1 8 1 3.64492847761e-05
1 9 0 0.00103714618426
1 9 1 0.000182118626744
1 10 0 0.00121058673183
1 10 1 0.00190607399617
1 11 0 0.00127952210794
1 11 1 8.79973706487e-06
1 12 0 1.80344896704e-05
1 12 1 6.84613203296e-05
1 13 0 5.86591248064e-05
1 13 1 0.000223242392194
1 14 0 0.00269818235898
1 14 1 0.00081516025202
1 15 0 0.000152962915341
1 15 1 4.56558156588e-05
1 16 0 1.85010020298e-05
1 16 1 0.00317711354897
1 17 0 0.00148993076423
1 17 1 0.00735381828277
1 18 0 0.00181344038172
1 18 1 0.000919927635276
1 19 0 0.00135365644824
1 19 1 0.00174331600376
1 20 0 1.85236942004e-05
1 20 1 1.81125867996e-05
1 21 0 5.46356840219e-05
1 21 1 5.26022797811e-06
1 22 0 8.83012627366e-05
1 22 1 0.000284439356263
1 23 0 0.00148269177844
1 23 1 0.00208641545056
1 24 0 0.000540199752272
1 24 1 0.00178651282173
1 25 0 0.000155955418109
1 25 1 0.000144172656891
1 26 0 4.74850730614e-05
1 26 1 7.53445139386e-05
1 27 0 0.00152200929748
1 27 1 6.18606355215e-05
1 28 0 0.000139779135642
1 28 1 2.30628323575e-05
1 29 0 2.36799656561e-05
1 29 1 9.66107834392e-06
1 30 0 0.000345645500537
1 30 1 4.49270864628e-05
1 31 0 0.00100614427424
1 31 1 0.00640366470276
1 32 0 0.00382282166842
1 32 1 0.000584569342583
2 0 0 0.00131711248606
2 0 1 0.00204760420294
2 1 0 0.00334378225042
2 1 1 0.000458824440585
2 3 0 0.00357546528401
2 3 1 9.00485498967e-06
2 4 0 0.00651052155071
2 4 1 0.00270467962429
2 5 0 0.00208650972238
2 5 1 0.00297097700562
2 6 0 0.000586006523937
2 6 1 0.000486094672063
2 7 0 0.00231734954188
2 7 1 0.00123111338812
2 8 0 8.54989579936e-05
2 8 1 0.000152471287006
2 9 0 0.00175818979026
2 9 1 0.00219224265774
2 10 0 0.00548331506019
2 10 1 0.00461470266281
2 11 0 0.00217528408601
2 11 1 0.00199889397399
2 12 0 0.000103201656851
2 12 1 0.000177045792149
2 13 0 0.000852809686829
2 13 1 6.05545731711e-05
2 14 0 0.00696877466636
2 14 1 0.00441449706464
2 15 0 0.00028963257366
2 15 1 0.00035389446934
2 16 0 0.00211008165606
2 16 1 0.00824374739094
2 17 0 0.0205584652631
2 17 1 0.00809538654288
2 18 0 0.00425973716234
2 18 1 0.00459640763366
2 19 0 0.00123666026334
2 19 1 0.00879756721266
2 20 0 0.000111809637263
2 20 1 6.89234773713e-06
2 21 0 8.83181292507e-05
2 21 1 0.000105745337749
2 22 0 0.000708551930361
2 22 1 0.000499132094639
2 23 0 0.00712731274966
2 23 1 0.00443663700534
2 24 0 0.00367227787425
2 24 1 0.00386629846275
2 25 0 0.00051900032375
2 25 1 0.00045341819925
2 26 0 0.000373308318675
2 26 1 2.46609993249e-05
2 27 0 0.00326458417443
2 27 1 0.00186717319557
2 28 0 0.000153454943056
2 28 1 0.000374154963944
2 29 0 9.13699359105e-05
2 29 1 1.66554420895e-05
2 30 0 5.11059823368e-05
2 30 1 0.00121435383066
2 31 0 0.0220803932711
2 31 1 0.00192747570093
2 32 0 0.0135149332506
2 32 1 0.000765065900352
3 0 0 0.000255281262575
3 0 1 0.000737919141425
3 1 0 0.000269808600109
3 1 1 0.000852648607891
3 2 0 5.46977295156e-05
3 2 1 0.000315211147484
3 4 0 0.0017723577262
3 4 1 0.000947794480803
3 5 0 0.000886654953418
3 5 1 0.000606218986582
3 6 0 0.000165192658011
3 6 1 0.000151271234989
3 7 0 0.00101649026412
3 7 1 3.0948536883e-05
3 8 0 2.23034045276e-05
3 8 1 4.79408874724e-05
3 9 0 0.000399230524103
3 9 1 0.000766862036897
3 10 0 0.00045169005205
3 10 1 0.00252905281795
3 11 0 0.000559593158708
3 11 1 0.000672544854292
3 12 0 7.95201538161e-05
3 12 1 3.20356618392e-06
3 13 0 6.11693219845e-05
3 13 1 0.000208438445015
3 14 0 9.52508748415e-05
3 14 1 0.00326487454516
3 15 0 0.000122465285192
3 15 1 6.74916648078e-05
3 16 0 0.00179435853001
3 16 1 0.00126189497999
3 17 0 0.00398837882282
3 17 1 0.00446969352418
3 18 0 0.00167265527148
3 18 1 0.000941510318517
3 19 0 0.00208365494322
3 19 1 0.000878258258785
3 20 0 1.53509435991e-05
3 20 1 1.96876254009e-05
3 21 0 2.88737391442e-05
3 21 1 2.84101068558e-05
3 22 0 0.000266794037973
3 22 1 8.96913280274e-05
3 23 0 0.0014388060026
3 23 1 0.0019746521364
3 24 0 0.00185068183073
3 24 1 0.000374562596269
3 25 0 0.000278349145201
3 25 1 8.69031679934e-06
3 26 0 0.000105319496927
3 26 1 1.2153480073e-05
3 27 0 0.000955406678512
3 27 1 0.000559390543488
3 28 0 0.000136918441955
3 28 1 1.8821973045e-05
3 29 0 3.10178461564e-05
3 29 1 8.69191843628e-07
3 30 0 8.02588946906e-05
3 30 1 0.000293280786309
3 31 0 0.00632792706781
3 31 1 0.000758739466194
3 32 0 0.000610647679174
3 32 1 0.00360453660883
4 0 0 0.0117326256849
4 0 1 0.00139704240814
4 1 0 0.00857196816342
4 1 1 0.00626641746058
4 2 0 0.00145452796075
4 2 1 0.00343550306125
4 3 0 0.0126380924494
4 3 1 0.00134908910756
4 5 0 0.00066700481805
4 5 1 0.019068125436
4 6 0 0.00391322440044
4 6 1 0.000270287665559
4 7 0 0.00949531092924
4 7 1 0.00435136467976
4 8 0 0.000425526602417
4 8 1 0.000503071736583
4 9 0 0.00570528680406
4 9 1 0.00970993880294
4 10 0 0.010791003071
4 10 1 0.02861309343
4 11 0 0.00776510856396
4 11 1 0.00852320856704
4 12 0 0.000905336964149
4 12 1 0.000188233856851
4 13 0 0.000801405806771
4 13 1 0.00276268909023
4 14 0 0.0300264029722
4 14 1 0.0143929622998
4 15 0 0.00123669585095
4 15 1 0.00127445063405
4 16 0 0.0125117896031
4 16 1 0.0278905240099
4 17 0 0.0862222417069
4 17 1 0.0255897170991
4 18 0 0.0218558237612
4 18 1 0.0127022839508
4 19 0 0.0101956579934
4 19 1 0.0289595186586
4 20 0 4.11630056966e-05
4 20 1 0.000422031316303
4 21 0 0.000321288385092
4 21 1 0.000435978612908
4 22 0 0.00412595091821
4 22 1 0.000586627249789
4 23 0 0.0448375264821
4 23 1 0.000286873628869
4 24 0 0.00131381404592
4 24 1 0.0281029286841
4 25 0 0.00296364339265
4 25 1 0.00083089077835
4 26 0 0.00112075290026
4 26 1 0.000432187671745
4 27 0 0.012038464334
4 27 1 0.00798648196303
4 28 0 0.000817407235984
4 28 1 0.00124141185702
4 29 0 0.00030296676264
4 29 1 0.00011856571536
4 30 0 0.00325088700738
4 30 1 0.00168714161962
4 31 0 0.0122119803715
4 31 1 0.0814706028495
4 32 0 0.0399816639432
4 32 1 0.0157411996908
5 0 0 0.00197359367228
5 0 1 0.00167870930372
5 1 0 0.00308158027396
5 1 1 0.00104603967704
5 2 0 0.00105887954728
5 2 1 0.000301389023721
5 3 0 0.00113474078215
5 3 1 0.00275609822885
5 4 0 0.00101304195775
5 4 1 0.00898979328425
5 6 0 0.000468555274426
5 6 1 0.000695179670574
5 7 0 0.00210964634385
5 7 1 0.00174210788015
5 8 0 9.10750763209e-05
5 8 1 0.000167234764679
5 9 0 0.0014269436806
5 9 1 0.0028611368684
5 10 0 0.0085932462532
5 10 1 0.0023678609048
5 11 0 0.00324186692124
5 11 1 0.00128908303976
5 12 0 0.000286039356754
5 12 1 1.81611712462e-05
5 13 0 0.000917252252927
5 13 1 7.41783230727e-05
5 14 0 0.0107138371248
5 14 1 0.00164237621018
5 15 0 0.000121714222412
5 15 1 0.000576815832588
5 16 0 0.00789599790645
5 16 1 0.00334278506955
5 17 0 0.0157319277062
5 17 1 0.0153710024668
5 18 0 0.00782843726506
5 18 1 0.00178465262794
5 19 0 0.00326692833821
5 19 1 0.00762493634579
5 20 0 4.04178927973e-05
5 20 1 8.84296902027e-05
5 21 0 0.000198325210258
5 21 1 1.23250887417e-05
5 22 0 0.000373121037517
5 22 1 0.000937785159483
5 23 0 0.00336828694644
5 23 1 0.00918404717556
5 24 0 0.0043389936245
5 24 1 0.0038439136855
5 25 0 0.000133485260383
5 25 1 0.000922047015617
5 26 0 0.000177337929761
5 26 1 0.000254646293239
5 27 0 0.00151429516274
5 27 1 0.00405607953626
5 28 0 0.000392602643869
5 28 1 0.000180102701131
5 29 0 6.0057128754e-05
5 29 1 5.7201305246e-05
5 30 0 0.000258249317507
5 30 1 0.00111537083249
5 31 0 0.00744147635322
5 31 1 0.0186183733758
5 32 0 0.013660363411
5 32 1 0.00184016403796
6 0 0 0.000151783425872
6 0 1 0.000145644439128
6 1 0 3.40687401621e-05
6 1 1 0.000302066897838
6 2 0 8.16951855293e-05
6 2 1 2.90792434707e-05
6 3 0 2.19890962179e-05
6 3 1 0.000294864118782
6 4 0 0.000409765402126
6 4 1 0.000404822529874
6 5 0 0.000148342251812
6 5 1 0.000298719899188
6 7 0 0.000268522139886
6 7 1 4.51481781138e-05
6 8 0 1.86961560554e-05
6 8 1 2.33948794461e-06
6 9 0 0.00032906686897
6 9 1 2.01359900304e-05
6 10 0 0.000123867890872
6 10 1 0.000768757590128
6 11 0 0.000167784873887
6 11 1 0.000201196227113
6 12 0 1.52762589575e-05
6 12 1 9.49652504246e-06
6 13 0 6.16535968648e-05
6 13 1 1.90842501352e-05
6 14 0 0.0001968640377
6 14 1 0.0008093728973
6 15 0 2.31561041234e-05
6 15 1 3.37291828766e-05
6 16 0 7.45498671554e-05
6 16 1 0.000840688339845
6 17 0 0.000924021255576
6 17 1 0.00160886776742
6 18 0 1.22246511988e-05
6 18 1 0.000770624093801
6 19 0 0.000323311373374
6 19 1 0.000563675297626
6 20 0 3.33092227035e-06
6 20 1 7.16187172965e-06
6 21 0 1.31499494363e-05
6 21 1 4.00450556374e-06
6 22 0 1.41631391131e-05
6 22 1 9.25914298869e-05
6 23 0 0.000577902825175
6 23 1 0.000444305343825
6 24 0 0.000618110376301
6 24 1 4.82704436993e-05
6 25 0 7.16335316476e-05
6 25 1 1.43244823524e-05
6 26 0 2.30966642419e-05
6 26 1 1.20822747581e-05
6 27 0 0.00020181285821
6 27 1 0.00025181452879
6 28 0 4.42606265304e-05
6 28 1 2.37803646957e-06
6 29 0 5.54920738817e-07
6 29 1 8.99410226118e-06
6 30 0 2.10644818253e-05
6 30 1 9.07972421747e-05
6 31 0 0.00111227616208
6 31 1 0.00100992605292
6 32 0 0.00123955730073
6 32 1 2.2739068269e-05
7 0 0 0.00254359413563
7 0 1 0.00040795966037
7 1 0 0.00264672608458
7 1 1 0.000688947985416
7 2 0 0.00107871799188
7 2 1 2.05626241152e-05
7 3 0 0.000209826284963
7 3 1 0.00293449682504
7 4 0 0.00453555032116
7 4 1 0.00354809074584
7 5 0 0.00382436961354
7 5 1 0.000612094293458
7 6 0 0.000151331848193
7 6 1 0.000789123068807
7 8 0 4.25981330648e-05
7 8 1 0.000166151084935
7 9 0 0.00261414361569
7 9 1 0.000851204276309
7 10 0 0.000857328506168
7 10 1 0.00800072561683
7 11 0 0.00149833826396
7 11 1 0.00216328089604
7 12 0 0.000233707788327
7 12 1 1.21272996731e-05
7 13 0 1.5619297869e-05
7 13 1 0.000785590432131
7 14 0 0.00846401003843
7 14 1 0.00152147818857
7 15 0 0.000121904688117
7 15 1 0.000442601884883
7 16 0 0.002294233947
7 16 1 0.006788219718
7 17 0 0.00460556759071
7 17 1 0.0205297982893
7 18 0 0.00552521992091
7 18 1 0.00224345429609
7 19 0 0.00551581352351
7 19 1 0.00328628333449
7 20 0 9.35168538259e-05
7 20 1 1.06093851741e-05
7 21 0 7.12417269439e-05
7 21 1 9.89921480561e-05
7 22 0 0.000989260130819
7 22 1 7.01290231807e-05
7 23 0 0.00512308428384
7 23 1 0.00502089601216
7 24 0 0.00483087497013
7 24 1 0.00178201867187
7 25 0 0.000395495316354
7 25 1 0.000457517239646
7 26 0 0.000341960762495
7 26 1 7.14079950482e-06
7 27 0 0.00447856605228
7 27 1 2.30485987242e-05
7 28 0 0.000359137244212
7 28 1 0.000103685978788
7 29 0 6.921747669e-05
7 29 1 2.554316631e-05
7 30 0 0.000104231012154
7 30 1 0.00100583948085
7 31 0 0.00271749818149
7 31 1 0.0183423779805
7 32 0 0.00661148662102
7 32 1 0.00591503183298
8 0 0 0.000704412799243
8 0 1 0.00287655630976
8 1 0 0.00106285312069
8 1 1 0.00298414945131
8 2 0 0.000496283574343
8 2 1 0.000837417316657
8 3 0 0.00204894007016
8 3 1 0.00176590617884
8 4 0 0.00744564487449
8 4 1 0.00236182297151
8 5 0 0.00287143617407
8 5 1 0.00251109834993
8 6 0 0.000858945168798
8 6 1 0.000282060633202
8 7 0 0.00160682749512
8 7 1 0.00216969733888
8 9 0 0.000915147642582
8 9 1 0.00328918153842
8 10 0 0.000808483739222
8 10 1 0.00993853982078
8 11 0 7.97961899643e-05
8 11 1 0.00436265887204
8 12 0 0.000244028536115
8 12 1 5.42305898853e-05
8 13 0 0.000715515273413
8 13 1 0.000256551471587
8 14 0 0.00377209846068
8 14 1 0.00834278317532
8 15 0 0.000619713165341
8 15 1 6.51737586586e-05
8 16 0 0.00543428390975
8 16 1 0.00558499212525
8 17 0 0.0132390611219
8 17 1 0.0172563914381
8 18 0 0.00308230932794
8 18 1 0.00634302536406
8 19 0 0.00677296499873
8 19 1 0.00390616847527
8 20 0 7.19657167754e-05
8 20 1 5.43653182246e-05
8 21 0 2.20207791458e-05
8 21 1 0.000184515266854
8 22 0 0.00105997439804
8 22 1 0.000225328224961
8 23 0 0.0115928295068
8 23 1 0.000714342441235
8 24 0 0.00778284070344
8 24 1 0.000240244590556
8 25 0 0.000449105096728
8 25 1 0.000585811365272
8 26 0 0.000238975788336
8 26 1 0.000184571263664
8 27 0 0.00396615636599
8 27 1 0.00149542221901
8 28 0 0.000452398728458
8 28 1 0.000109120992542
8 29 0 8.73339919348e-05
8 29 1 2.76342440652e-05
8 30 0 0.000358851099297
8 30 1 0.000987940597703
8 31 0 0.0115880714657
8 31 1 0.0139627980733
8 32 0 0.00887074057974
8 32 1 0.00632704293626
9 0 0 0.00187196585138
9 0 1 0.00406700732462
9 1 0 0.00410123359385
9 1 1 0.00261064774015
9 2 0 0.00109556259896
9 2 1 0.00111635645804
9 3 0 0.00411822535871
9 3 1 0.00220862886829
9 4 0 0.0127452564988
9 4 1 0.00352025339425
9 5 0 0.0021131345637
9 5 1 0.0068137026093
9 6 0 0.0014430950089
9 6 1 0.000449242693101
9 7 0 0.00552777195477
9 7 1 0.000735526891225
9 8 0 0.000259128183584
9 8 1 0.000160906853416
9 10 0 0.0100906550567
9 10 1 0.00773309117026
9 11 0 0.00610034855312
9 11 1 0.00126738365688
9 12 0 0.000187083838663
9 12 1 0.000307573583337
9 13 0 0.00100912938092
9 13 1 0.000603025918079
9 14 0 0.00603807695
9 14 1 0.014054237415
9 15 0 0.000934852807915
9 15 1 0.000201019897085
9 16 0 0.0172492660488
9 16 1 0.0010260060362
9 17 0 0.00284122940468
9 17 1 0.0477349328703
9 18 0 0.00240874253938
9 18 1 0.0132230063556
9 19 0 0.00434630875393
9 19 1 0.0133648429811
9 20 0 0.000166760451148
9 20 1 4.27573088516e-05
9 21 0 0.000322531940561
9 21 1 2.0004394439e-05
9 22 0 0.000506363825995
9 22 1 0.001625287571
9 23 0 0.0194977476247
9 23 1 0.0009134767823
9 24 0 0.00429656404958
9 24 1 0.00900957931642
9 25 0 0.00149016275976
9 25 1 0.000226227669241
9 26 0 0.000503983153252
9 26 1 0.000198462052748
9 27 0 0.00352920888317
9 27 1 0.00552872145183
9 28 0 0.000117254945958
9 28 1 0.000814015462042
9 29 0 2.91160576576e-05
9 29 1 0.000161556704342
9 30 0 0.00048357970595
9 30 1 0.00175005021905
9 31 0 0.0255581583978
9 31 1 0.0168175014322
9 32 0 0.00326243871413
9 32 1 0.0219428132429
10 0 0 0.00501323657477
10 0 1 0.00175046335223
10 1 0 0.00379568399239
10 1 1 0.00384825544661
10 2 0 0.000990106198359
10 2 1 0.00152897518564
10 3 0 0.00246479975976
10 3 1 0.00474064505424
10 4 0 0.00488756726771
10 4 1 0.0136366834433
10 5 0 0.0100443823889
10 5 1 0.00012209692505
10 6 0 0.00150465124016
10 6 1 0.000650469517838
10 7 0 0.00355934084863
10 7 1 0.00357372284637
10 8 0 0.000305750301146
10 8 1 0.000172613695854
10 9 0 0.00180683709381
10 9 1 0.00613425932819
10 11 0 0.00589452009549
10 11 1 0.00249634619351
10 12 0 0.000495595055929
10 12 1 6.7753905071e-05
10 13 0 0.000146844390677
10 13 1 0.00168918590532
10 14 0 0.022133450916
10 14 1 0.000749020714011
10 15 0 0.000430225306704
10 15 1 0.000863382511296
10 16 0 0.0146683654675
10 16 1 0.0061447368675
10 17 0 0.0377275614896
10 17 1 0.0198719552894
10 18 0 8.74075412581e-05
10 18 1 0.0177150737517
10 19 0 0.0152025321796
10 19 1 0.00496811216539
10 20 0 0.000237919509883
10 20 1 6.93331116729e-07
10 21 0 0.00025777885651
10 21 1 0.00013232443549
10 22 0 0.00138729728932
10 22 1 0.00104036991368
10 23 0 0.0135318169045
10 23 1 0.00971385081452
10 24 0 0.00269302235239
10 24 1 0.0124609037976
10 25 0 0.000728276893238
10 25 1 0.00122646334176
10 26 0 0.000635776077434
10 26 1 0.000164215511566
10 27 0 0.0079480496722
10 27 1 0.0023677273028
10 28 0 0.000925269787997
10 28 1 0.000135323248003
10 29 0 1.54682924354e-05
10 29 1 0.000201682603565
10 30 0 0.00222629541766
10 30 1 0.000317511755345
10 31 0 0.0187684553282
10 31 1 0.0294917807128
10 32 0 0.000266626525032
10 32 1 0.028438800454
11 0 0 0.000119211111365
11 0 1 0.000624604508635
11 1 0 0.000278241835747
11 1 1 0.000562375225253
11 2 0 0.00027566077436
11 2 1 1.36690364047e-06
11 3 0 6.08292997303e-06
11 3 1 0.000786312129027
11 4 0 0.000177168466034
11 4 1 0.00185997498797
11 5 0 0.000326855540747
11 5 1 0.000791169534253
11 6 0 0.000215860174563
11 6 1 2.11421324366e-05
11 7 0 0.00072544887806
11 7 1 5.89863059396e-05
11 8 0 1.92059117587e-05
11 8 1 3.34005932413e-05
11 9 0 5.93344529427e-05
11 9 1 0.000813961469057
11 10 0 0.00115619182523
11 10 1 0.00107611003277
11 12 0 4.17588306891e-05
11 12 1 2.01936153109e-05
11 13 0 0.000164719252645
11 13 1 3.71921313547e-05
11 14 0 0.00118075064215
11 14 1 0.00133567380185
11 15 0 2.52076430091e-05
11 15 1 0.000117052615991
11 16 0 0.00175676653483
11 16 1 0.000532085837168
11 17 0 0.00496441066294
11 17 1 0.00136990646606
11 18 0 0.00137908654809
11 18 1 0.000578682691908
11 19 0 0.000320456731021
11 19 1 0.00189774343998
11 20 0 7.39261998002e-06
11 20 1 1.884804102e-05
11 21 0 2.97517205901e-06
11 21 1 3.9925152941e-05
11 22 0 2.36003511867e-05
11 22 1 0.000243374352813
11 23 0 0.000191327895923
11 23 1 0.00236503784208
11 24 0 0.00053756308864
11 24 1 0.00112894002336
11 25 0 6.7225082048e-05
11 25 1 0.000147741036952
11 26 0 4.94529307565e-05
11 26 1 3.85235092435e-05
11 27 0 0.000394116975208
11 27 1 0.000740326617792
11 28 0 3.26199011681e-05
11 28 1 8.40153248319e-05
11 29 0 1.44847497076e-05
11 29 1 9.39570529243e-06
11 30 0 9.46679707037e-05
11 30 1 0.000185078844296
11 31 0 0.00497858966554
11 31 1 0.00032867082746
11 32 0 0.00218401611746
11 32 1 0.000972768660539
12 0 0 0.00275374225931
12 0 1 0.00874492021869
12 1 0 0.00157197683932
12 1 1 0.0114231413007
12 2 0 0.00278991606858
12 2 1 0.00149266105642
12 3 0 0.00661264456348
12 3 1 0.00563700855752
12 4 0 0.00629498585807
12 4 1 0.0251972608239
12 5 0 0.00522805434195
12 5 1 0.012055520547
12 6 0 0.000123369203127
12 6 1 0.00354045480887
12 7 0 0.00331869915894
12 7 1 0.00880790207306
12 8 0 0.000725124623386
12 8 1 8.81205246144e-05
12 9 0 0.0121737160503
12 9 1 0.00132658532966
12 10 0 0.0110906382893
12 10 1 0.0234185665677
12 11 0 0.0110577761626
12 11 1 0.00320715876942
12 13 0 0.00266576423716
12 13 1 0.000455588410844
12 14 0 0.0332372874189
12 14 1 0.00566417491306
12 15 0 0.00184911441743
12 15 1 0.000350090136569
12 16 0 0.0173974265084
12 16 1 0.0179859940226
12 17 0 0.0159249165053
12 17 1 0.0819974350887
12 18 0 0.00493439115446
12 18 1 0.0253308077555
12 19 0 0.0307019212492
12 19 1 0.00358928530678
12 20 0 0.00023798320689
12 20 1 0.00016767176711
12 21 0 0.000496505681219
12 21 1 0.000166691404781
12 22 0 0.00163067946208
12 22 1 0.00249648851892
12 23 0 0.00603908917763
12 23 1 0.0334798265124
12 24 0 0.00748131498369
12 24 1 0.0182811942793
12 25 0 0.000289795343935
12 25 1 0.00303337073907
12 26 0 0.0013246861598
12 26 1 3.53436111966e-05
12 27 0 0.00739697585538
12 27 1 0.0101404132836
12 28 0 0.00067152391197
12 28 1 0.00113154267603
12 29 0 0.000222239615824
12 29 1 0.000146928870176
12 30 0 0.000447706441244
12 30 1 0.00387690588676
12 31 0 0.0756952404102
12 31 1 0.00634981944277
12 32 0 0.0399256498117
12 32 1 0.0088751573903
13 0 0 0.00142729305548
13 0 1 0.00474830234952
13 1 0 0.00125524584208
13 1 1 0.00572405214392
13 2 0 0.00067815382863
13 2 1 0.00162189312637
13 3 0 0.00305011685215
13 3 1 0.00352881366885
13 4 0 0.0156300635959
13 4 1 0.00128350128806
13 5 0 0.00874815352191
13 5 1 0.000534349193088
13 6 0 0.00167992879074
13 6 1 0.000287803958255
13 7 0 0.00264595355072
13 7 1 0.00386688939828
13 8 0 7.8601978424e-06
13 8 1 0.000428909992158
13 9 0 0.00566189249166
13 9 1 0.00158872464134
13 10 0 0.013277473402
13 10 1 0.00525641150402
13 11 0 0.00294470147272
13 11 1 0.00471657798328
13 12 0 0.000116875384494
13 12 1 0.000397490316506
13 14 0 0.00194401328813
13 14 1 0.0189488246819
13 15 0 0.000958045600792
13 15 1 0.000223082862208
13 16 0 0.0122867553695
13 16 1 0.00671664521446
13 17 0 0.0151117143944
13 17 1 0.0374795174736
13 18 0 0.0157000362731
13 18 1 0.000554517130865
13 19 0 0.000212231694387
13 19 1 0.0182045726986
13 20 0 6.1411320827e-05
13 20 1 0.000156454105173
13 21 0 0.000251446134162
13 21 1 0.000104737629838
13 22 0 0.000122240484927
13 22 1 0.00209434076207
13 23 0 0.0200751524689
13 23 1 0.00114930164611
13 24 0 0.00278337707904
13 24 1 0.01105291337
13 25 0 0.000612583175806
13 25 1 0.00117219216119
13 26 0 0.000518215483688
13 26 1 0.000212216740312
13 27 0 0.00383161955125
13 27 1 0.00558719937575
13 28 0 0.000383471049646
13 28 1 0.000584903294354
13 29 0 0.000160422992456
13 29 1 3.78466075438e-05
13 30 0 0.000273265287405
13 30 1 0.0020493575456
13 31 0 0.00403946067216
13 31 1 0.0400245420418
13 32 0 0.0114397218052
13 32 1 0.0147697648458
14 0 0 0.00261994852452
14 0 1 0.00181419909248
14 1 0 0.000774577448703
14 1 1 0.0042366377463
14 2 0 0.00109930757872
14 2 1 0.000552152248278
14 3 0 0.00286149850704
14 3 1 0.00186224830196
14 4 0 0.011038659047
14 4 1 0.00110547257097
14 5 0 0.00241144409444
14 5 1 0.00425349824556
14 6 0 4.14498851305e-05
14 6 1 0.00137140456987
14 7 0 0.00124098091256
14 7 1 0.00343531426944
14 8 0 0.000253391304408
14 8 1 6.02146515921e-05
14 9 0 8.95697415448e-05
14 9 1 0.00511645568146
14 10 0 0.00638785622746
14 10 1 0.00691968356254
14 11 0 0.00274653892979
14 11 1 0.00275434670321
14 12 0 0.000108645785957
14 12 1 0.000260674628043
14 13 0 0.000345580293841
14 13 1 0.000858084778159
14 15 0 0.000675933017365
14 15 1 0.000172130628635
14 16 0 0.00403427871515
14 16 1 0.00961037866285
14 17 0 0.0238816284294
14 17 1 0.0138794731556
14 18 0 0.00875134944271
14 18 1 0.00291960445029
14 19 0 0.00827581951033
14 19 1 0.00494765514267
14 20 0 1.30874334729e-05
14 20 1 0.000143342415527
14 21 0 0.000114957838177
14 21 1 0.000140786147823
14 22 0 0.000141942449762
14 22 1 0.00144958805224
14 23 0 0.0101169007042
14 23 1 0.00512249832577
14 24 0 0.00059881938838
14 24 1 0.00933579424662
14 25 0 0.0007771055837
14 25 1 0.0005043833713
14 26 0 0.000282984065673
14 26 1 0.000241474564327
14 27 0 0.00379095202227
14 27 1 0.00297186690573
14 28 0 0.000289890346803
14 28 1 0.000405413427197
14 29 0 2.38768184748e-05
14 29 1 0.000118483005525
14 30 0 0.000324577657933
14 30 1 0.00134309190607
14 31 0 0.00619348104117
14 31 1 0.0254449731948
14 32 0 0.0145696811236
14 32 1 0.0042490278654
15 0 0 0.00237416978408
15 0 1 0.000668832408917
15 1 0 0.00187019989726
15 1 1 0.00156882382174
15 2 0 0.00025943744633
15 2 1 0.00087390233167
15 3 0 0.00322976404516
15 3 1 1.19800608439e-05
15 4 0 7.85374628581e-05
15 4 1 0.00825556016714
15 5 0 0.00380487674731
15 5 1 0.000769042731687
15 6 0 0.000837943887179
15 6 1 0.000131649273821
15 7 0 0.000475457324059
15 7 1 0.00273372237094
15 8 0 0.000195813414513
15 8 1 1.9403509487e-05
15 9 0 0.00262948572771
15 9 1 0.000943229515294
15 10 0 0.00605989001
15 10 1 0.003072614423
15 11 0 0.00075058494395
15 11 1 0.00302448266605
15 12 0 0.000115079974409
15 12 1 0.000138371855591
15 13 0 0.000474942560612
15 13 1 0.000351091160388
15 14 0 0.00779128448495
15 14 1 0.00250358549705
15 16 0 0.0088500442214
15 16 1 0.000513812355603
15 17 0 0.016799238036
15 17 1 0.009114900343
15 18 0 0.00336954229295
15 18 1 0.00463982982605
15 19 0 0.00730812706441
15 19 1 0.00176668637159
15 20 0 5.52590092498e-05
15 20 1 5.20933877502e-05
15 21 0 0.00015595865102
15 21 1 1.95496039802e-05
15 22 0 0.000477319140919
15 22 1 0.000614893213081
15 23 0 0.0024530690228
15 23 1 0.0080052036102
15 24 0 0.00614311462969
15 24 1 0.000674667206311
15 25 0 0.000672344097659
15 25 1 0.000207097463341
15 26 0 0.000132351334953
15 26 1 0.000227566489047
15 27 0 0.0025176442627
15 27 1 0.0021234445343
15 28 0 0.000350847790826
15 28 1 0.000126315148174
15 29 0 6.12230917152e-06
15 29 1 9.15743158285e-05
15 30 0 0.00111105120732
15 30 1 3.34127526822e-05
15 31 0 0.00512423448912
15 31 1 0.0165881427129
15 32 0 0.00785271519868
15 32 1 0.00506191409932
16 0 0 0.000563473567837
16 0 1 0.000572124437163
16 1 0 0.000452141839046
16 1 1 0.000831244837954
16 2 0 0.000331390565186
16 2 1 9.15530638139e-05
16 3 0 0.000534547450362
16 3 1 0.000675217743638
16 4 0 0.000308108698491
16 4 1 0.00280203846551
16 5 0 0.00148318231126
16 5 1 0.000223728661738
16 6 0 0.000296451369244
16 6 1 6.53847347555e-05
16 7 0 0.000989577220081
16 7 1 0.000208035474919
16 8 0 6.90662481707e-05
16 8 1 1.12491428293e-05
16 9 0 0.000716285027339
16 9 1 0.000616993111661
16 10 0 0.000708653546794
16 10 1 0.00269944580921
16 11 0 0.00108837140693
16 11 1 0.000320421283067
16 12 0 5.89156401376e-05
16 12 1 3.56683838624e-05
16 13 0 0.000156664027472
16 13 1 0.000151598072528
16 14 0 0.000648433889356
16 14 1 0.00319344103264
16 15 0 1.52192257638e-05
16 15 1 0.000201972322236
16 17 0 0.0049577189131
16 17 1 0.0047130082099
16 18 0 0.00123455663086
16 18 1 0.00175440835214
16 19 0 0.00159772577718
16 19 1 0.00178884425482
16 20 0 1.1061089061e-06
16 20 1 3.89560270939e-05
16 21 0 1.29359022599e-05
16 21 1 5.25608707401e-05
16 22 0 0.000216195058102
16 22 1 0.000191400497898
16 23 0 0.00172167393272
16 23 1 0.00218118015128
16 24 0 0.000132381106428
16 24 1 0.00241190212457
16 25 0 0.000163877741358
16 25 1 0.000164315279642
16 26 0 0.000106330502324
16 26 1 2.79848666757e-05
16 27 0 0.00114890329955
16 27 1 0.000583074150451
16 28 0 5.27728120948e-05
16 28 1 0.000125296491905
16 29 0 7.50524259551e-06
16 29 1 2.89535194045e-05
16 30 0 1.84825259575e-05
16 30 1 0.000408612464043
16 31 0 0.00796765720408
16 31 1 0.000135042257918
16 32 0 0.000347345119581
16 32 1 0.00447218057742
17 0 0 0.000522567898878
17 0 1 0.00111654499312
17 1 0 0.00135949790172
17 1 1 0.000492931954276
17 2 0 0.000277315444548
17 2 1 0.000333157938452
17 3 0 0.000555007900125
17 3 1 0.00119115730787
17 4 0 0.00101647046028
17 4 1 0.00347269057372
17 5 0 0.00190516514662
17 5 1 0.000558576221381
17 6 0 7.11684257674e-05
17 6 1 0.000451102854233
17 7 0 0.000774131281338
17 7 1 0.000954493109662
17 8 0 1.56507337738e-05
17 8 1 0.000100275845226
17 9 0 0.000159722546166
17 9 1 0.00176472023883
17 10 0 0.00458857903077
17 10 1 0.000330643765229
17 11 0 0.00100593500193
17 11 1 0.00102750487007
17 12 0 3.86127937637e-05
17 12 1 9.79090142363e-05
17 13 0 0.000248476065813
17 13 1 0.000196466933187
17 14 0 0.00152730138056
17 14 1 0.00401802952744
17 15 0 0.000298659952419
17 15 1 1.48325555814e-05
17 16 0 0.00322711897604
17 16 1 0.00181672163396
17 18 0 0.00304001894912
17 18 1 0.00127422871388
17 19 0 0.000522280968681
17 19 1 0.00436586657632
17 20 0 1.62610369266e-06
17 20 1 5.61992563073e-05
17 21 0 1.07080759283e-05
17 21 1 8.38294320717e-05
17 22 0 0.000412382548343
17 22 1 0.000175937550657
17 23 0 0.00217967823043
17 23 1 0.00345366950257
17 24 0 0.00344187048139
17 24 1 0.000230527169614
17 25 0 0.000184622306842
17 25 1 0.000289088821158
17 26 0 9.31517606908e-06
17 26 1 0.000184554531931
17 27 0 0.00032026869553
17 27 1 0.00217965342047
17 28 0 0.000185832079376
17 28 1 7.11917006244e-05
17 29 0 8.16980773601e-06
17 29 1 4.4454471264e-05
17 30 0 0.000241503975587
17 30 1 0.000374961446413
17 31 0 0.0108679224002
17 31 1 0.000827447875783
17 32 0 0.00574491960964
17 32 1 0.00121154444836
18 0 0 0.000898782333815
18 0 1 0.00146565010318
18 1 0 0.00201214610725
18 1 1 0.000659997622745
18 2 0 0.000360860738641
18 2 1 0.000519751618359
18 3 0 0.00170690802776
18 3 1 0.000811948164245
18 4 0 0.00109551893685
18 4 1 0.00538012896615
18 5 0 0.00041441482292
18 5 1 0.00313955027208
18 6 0 1.98001062516e-06
18 6 1 0.000751400163375
18 7 0 0.00233414912212
18 7 1 0.000159404310878
18 8 0 5.7193082558e-05
18 8 1 0.000110031863442
18 9 0 0.00165495548744
18 9 1 0.00112106742356
18 10 0 0.00588932697553
18 10 1 0.00120668818947
18 11 0 2.90392778625e-05
18 11 1 0.00290421273514
18 12 0 0.000106065846839
18 12 1 9.08678691614e-05
18 13 0 0.00055572943573
18 13 1 8.61041222698e-05
18 14 0 0.000902992593024
18 14 1 0.00709618814198
18 15 0 0.000353793817797
18 15 1 9.8421437203e-05
18 16 0 0.00478701766671
18 16 1 0.00248875961429
18 17 0 0.0161786239773
18 17 1 0.00395682958769
18 19 0 0.000578414519037
18 19 1 0.00647277436696
18 20 0 2.24938820893e-05
18 20 1 6.09196259107e-05
18 21 0 7.64544367433e-05
18 21 1 5.99166152567e-05
18 22 0 0.000528968011384
18 22 1 0.000319688070616
18 23 0 0.00361881604932
18 23 1 0.00450732960468
18 24 0 0.00338545553269
18 24 1 0.00191200516431
18 25 0 0.00065900188992
18 25 1 2.43299060801e-05
18 26 0 2.9635356877e-05
18 26 1 0.000250023126123
18 27 0 0.00300311913818
18 27 1 0.000603036952818
18 28 0 0.000201977098769
18 28 1 0.000168781599231
18 29 0 4.38108630408e-05
18 29 1 3.21000479592e-05
18 30 0 0.000682344288854
18 30 1 0.000206911630146
18 31 0 0.0041408010648
18 31 1 0.0127298568182
18 32 0 0.00895796457426
18 32 1 0.00107678613774
19 0 0 0.000430568737859
19 0 1 0.00375614188714
19 1 0 0.000182952516088
19 1 1 0.00454862381191
19 2 0 0.000854661264454
19 2 1 0.000704642801546
19 3 0 0.00133928869183
19 3 1 0.00312086073617
19 4 0 0.00263773133186
19 4 1 0.00882872609614
19 5 0 0.00250381530112
19 5 1 0.00378920588788
19 6 0 0.00100782075192
19 6 1 0.000326192743082
19 7 0 8.28355655308e-05
19 7 1 0.00433251015947
19 8 0 0.000257464694597
19 8 1 3.86412314027e-05
19 9 0 0.00433223259671
19 9 1 0.000583283041285
19 10 0 0.00869509816535
19 10 1 0.00386984622765
19 11 0 9.76209207583e-05
19 11 1 0.00509630096024
19 12 0 0.000241462250694
19 12 1 0.000107249121306
19 13 0 6.28267676076e-05
19 13 1 0.00107367065739
19 14 0 0.00928931715761
19 14 1 0.00487486637039
19 15 0 0.000276508021778
19 15 1 0.000524231463222
19 16 0 0.0120452647222
19 16 1 0.000837985217809
19 17 0 0.000465262392608
19 17 1 0.0351886713254
19 18 0 0.00857872264782
19 18 1 0.00244096160518
19 20 0 0.000123404662137
19 20 1 2.42959938631e-05
19 21 0 9.67187846946e-05
19 21 1 0.000144754020305
19 22 0 0.00146517370744
19 22 1 3.75452455568e-05
19 23 0 0.00573626611681
19 23 1 0.00865273473619
19 24 0 0.00614873151221
19 24 1 0.00323150479479
19 25 0 0.000936962380448
19 25 1 0.000273016151552
19 26 0 0.00022108388553
19 26 1 0.00027410858647
19 27 0 0.000315553676753
19 27 1 0.00606988233225
19 28 0 0.000630504634082
19 28 1 2.59993769177e-05
19 29 0 5.54666221801e-05
19 29 1 7.89491518199e-05
19 30 0 0.000298660047313
19 30 1 0.00127594920969
19 31 0 0.00032416997084
19 31 1 0.0295487760752
19 32 0 0.0150274480682
19 32 1 0.00274112792079
20 0 0 0.000685009901528
20 0 1 0.00463041743047
20 1 0 0.00209531861499
20 1 1 0.00391186754901
20 2 0 0.00194927917331
20 2 1 3.04056416885e-05
20 3 0 0.000688962005047
20 3 1 0.00497362189395
20 4 0 0.00131746008041
20 4 1 0.0132402981876
20 5 0 0.00423082346031
20 5 1 0.00375876546269
20 6 0 0.00161050741478
20 6 1 8.31495932205e-05
20 7 0 0.00491392147546
20 7 1 0.000691779862535
20 8 0 6.61573722753e-05
20 8 1 0.000309777263725
20 9 0 0.00524946101299
20 9 1 0.000991253600009
20 10 0 0.00166296966598
20 10 1 0.014289422281
20 11 0 0.000106918178602
20 11 1 0.0064872596374
20 12 0 0.000211020440158
20 12 1 0.000231701811842
20 13 0 0.000632868543558
20 13 1 0.000810023028442
20 14 0 0.00904322898451
20 14 1 0.00893954914649
20 15 0 0.000510699890842
20 15 1 0.000505915043158
20 16 0 0.0157393242415
20 16 1 0.000617186871511
20 17 0 0.00518381471665
20 17 1 0.0400822451493
20 18 0 0.0136006426788
20 18 1 0.000389894552204
20 19 0 0.00200851759573
20 19 1 0.0138431014023
20 21 0 6.82791947131e-05
20 21 1 0.000238293498287
20 22 0 0.0014601261021
20 22 1 0.000447718530902
20 23 0 0.00251332144063
20 23 1 0.0157548836664
20 24 0 0.00921641889429
20 24 1 0.00269268324171
20 25 0 0.000208444044184
20 25 1 0.00132773878282
20 26 0 0.000205347921256
20 26 1 0.000423346018744
20 27 0 0.00196943708861
20 27 1 0.00613748123739
20 28 0 0.000375252124704
20 28 1 0.000458242157296
20 29 0 7.17583180386e-05
20 29 1 9.88952919614e-05
20 30 0 0.0013238967592
20 30 1 0.000675219451802
20 31 0 0.0365708263052
20 31 1 0.00135571988683
20 32 0 0.0156645574323
20 32 1 0.00689433973771
21 0 0 0.00286336961622
21 0 1 0.00188352893578
21 1 0 0.00254303809554
21 1 1 0.00282162997846
21 2 0 0.000933235607751
21 2 1 0.000834705593249
21 3 0 0.00127899354531
21 3 1 0.00377793031669
21 4 0 0.00577867355114
21 4 1 0.00722201243886
21 5 0 0.00555119488169
21 5 1 0.00158384163031
21 6 0 0.000548004193154
21 6 1 0.000964502233846
21 7 0 0.00107354670144
21 7 1 0.00393257865756
21 8 0 0.000219607801196
21 8 1 0.000116117525804
21 9 0 0.00432385173589
21 9 1 0.00124936699311
21 10 0 0.00230219354956
21 10 1 0.0119439585474
21 11 0 0.00464958719297
21 11 1 0.00123928893503
21 12 0 0.0003714173492
21 12 1 2.39521078003e-05
21 13 0 0.000556758115007
21 13 1 0.000731804305993
21 14 0 0.0128440331628
21 14 1 0.00321533857518
21 15 0 0.000410109913061
21 15 1 0.000497769671939
21 16 0 0.0109268961065
21 16 1 0.00368015127949
21 17 0 0.00306924991425
21 17 1 0.0373552316207
21 18 0 0.0113479694978
21 18 1 0.00114616442117
21 19 0 0.00157633199357
21 19 1 0.0125798256524
21 20 0 0.00010106576221
21 20 1 6.63974547901e-05
21 22 0 0.000358078619903
21 22 1 0.0013457062991
21 23 0 0.00643965435677
21 23 1 0.00987461558823
21 24 0 0.0104365553277
21 24 1 0.000198770142347
21 25 0 0.000297985585938
21 25 1 0.00107388982106
21 26 0 0.000530331304569
21 26 1 3.11186344308e-05
21 27 0 0.00616519303271
21 27 1 0.00107462353529
21 28 0 0.00026689989897
21 28 1 0.00047744529703
21 29 0 4.61665583065e-05
21 29 1 0.000106234240694
21 30 0 0.000710672914202
21 30 1 0.0010746213348
21 31 0 0.0201042553298
21 31 1 0.0137657340352
21 32 0 0.0146431520134
21 32 1 0.00550288510164
22 0 0 0.000921559860016
22 0 1 0.00107261486298
22 1 0 0.00218210026022
22 1 1 7.15997827819e-05
22 2 0 0.000362987613026
22 2 1 0.000379725468974
22 3 0 0.00164870381036
22 3 1 0.000475712717637
22 4 0 0.00364507293456
22 4 1 0.00181652248444
22 5 0 0.00058613370947
22 5 1 0.00241129909953
22 6 0 2.13110290258e-05
22 6 1 0.000614093762974
22 7 0 0.00116430399886
22 7 1 0.000938772050136
22 8 0 0.000131728970479
22 8 1 9.30942652108e-06
22 9 0 0.000342668303759
22 9 1 0.00199864398524
22 10 0 5.88675844793e-05
22 10 1 0.00592594883852
22 11 0 8.21878174588e-05
22 11 1 0.00239173232054
22 12 0 3.72600869761e-05
22 12 1 0.000128834842024
22 13 0 0.000238824362649
22 13 1 0.000302501427351
22 14 0 0.000309877402535
22 14 1 0.00643667360046
22 15 0 2.84454864016e-05
22 15 1 0.000352955232598
22 16 0 0.00127672799286
22 16 1 0.00485970074214
22 17 0 0.0164592297278
22 17 1 0.000523117459167
22 18 0 0.000629873956486
22 18 1 0.00461891865551
22 19 0 0.00358674824673
22 19 1 0.00236026145727
22 20 0 6.39006848846e-06
22 20 1 6.39613225115e-05
22 21 0 3.53207271807e-05
22 21 1 7.96953338193e-05
22 23 0 0.00303665760439
22 23 1 0.00381697627761
22 24 0 0.00353089797159
22 24 1 0.000937008176409
22 25 0 2.75569260002e-05
22 25 1 0.000548768696
22 26 0 0.000129284309507
22 26 1 0.000106581122493
22 27 0 0.000310997001959
22 27 1 0.00273045396704
22 28 0 8.66469347111e-05
22 28 1 0.000226052896289
22 29 0 2.63917195826e-05
22 29 1 3.76319414174e-05
22 30 0 0.000191114573843
22 30 1 0.000558888534157
22 31 0 4.94278737819e-05
22 31 1 0.0141793735052
22 32 0 0.000925936945432
22 32 1 0.00753742445657
23 0 0 0.00181471390986
23 0 1 0.00130491505814
23 1 0 0.00205260907317
23 1 1 0.00147301376083
23 2 0 0.00013041234066
23 2 1 0.00103146641534
23 3 0 0.00202413559222
23 3 1 0.00129923986978
23 4 0 0.00718676701798
23 4 1 0.00135719409102
23 5 0 0.0025376895021
23 5 1 0.0021514072519
23 6 0 0.000873553426079
23 6 1 0.000120455358921
23 7 0 0.000682534704892
23 7 1 0.00260745633211
23 8 0 0.000176144418816
23 8 1 4.44919491843e-05
23 9 0 0.00206594895936
23 9 1 0.00159673192564
23 10 0 0.000540692936539
23 10 1 0.00882177990346
23 11 0 0.0033856438088
23 11 1 0.000484484941198
23 12 0 2.8159566474e-05
23 12 1 0.000231674512526
23 13 0 0.000247586304006
23 13 1 0.000599248025994
23 14 0 0.00589154567891
23 14 1 0.00466256259509
23 15 0 0.000439161072043
23 15 1 0.000157491124957
23 16 0 0.00577601072596
23 16 1 0.00382364000704
23 17 0 0.0154889510458
23 17 1 0.0110777392332
23 18 0 0.0042432994491
23 18 1 0.0039677591359
23 19 0 0.00220321291367
23 19 1 0.00710011619333
23 20 0 7.64669022759e-05
23 20 1 3.35887677241e-05
23 21 0 2.99576051983e-05
23 21 1 0.000149970177802
23 22 0 0.000473795904999
23 22 1 0.000645919785001
23 24 0 0.0035430225346
23 24 1 0.0034464399654
23 25 0 0.0005291654629
23 25 1 0.0003724215871
23 26 0 0.000323510303639
23 26 1 4.54707213611e-05
23 27 0 0.000285683281813
23 27 1 0.00447227420119
23 28 0 0.000213840677108
23 28 1 0.000275337848892
23 29 0 2.0502385296e-05
23 29 1 7.9654367704e-05
23 30 0 0.000482554770785
23 30 1 0.000690728289215
23 31 0 0.0161821347341
23 31 1 0.0060769885249
23 32 0 0.00428482237322
23 32 1 0.00895501418278
24 0 0 0.00381329109589
24 0 1 0.00504115123011
24 1 0 0.00912005064208
24 1 1 0.000886723998922
24 2 0 0.0014110885976
24 2 1 0.0018866716624
24 3 0 0.00178786026039
24 3 1 0.00764487570261
24 4 0 0.0222931762273
24 4 1 0.00195714701567
24 5 0 0.00256385820672
24 5 1 0.0107452042463
24 6 0 0.00137817052708
24 6 1 0.00144312442492
24 7 0 0.00107944163369
24 7 1 0.00825853932031
24 8 0 0.000346924717338
24 8 1 0.000279307444662
24 9 0 0.00482328132992
24 9 1 0.00557250515308
24 10 0 0.00632332146362
24 10 1 0.0202501834724
24 11 0 0.00180869143165
24 11 1 0.00917589428635
24 12 0 0.000275716086657
24 12 1 0.000461770931343
24 13 0 0.000654899123362
24 13 1 0.00174867060064
24 14 0 0.0197409232744
24 14 1 0.0102148002956
24 15 0 4.93628704718e-05
24 15 1 0.00164411495153
24 16 0 0.00144094442053
24 16 1 0.0258057424865
24 17 0 0.0197526098483
24 17 1 0.0556516222767
24 18 0 0.00512904558651
24 18 1 0.0181764004815
24 19 0 0.00164621918321
24 19 1 0.0247594181088
24 20 0 0.000185958916934
24 20 1 0.000126412072066
24 21 0 4.82607787069e-05
24 21 1 0.000462428213293
24 22 0 0.00291760033855
24 22 1 0.000260488498446
24 23 0 0.00491107573864
24 23 1 0.0255201122744
24 25 0 0.00112166721856
24 25 1 0.00143730713844
24 26 0 0.000358429487702
24 26 1 0.000688849288298
24 27 0 0.0101760348366
24 27 1 0.00332847501136
24 28 0 7.53811059487e-05
24 28 1 0.00131305421405
24 29 0 0.000201648669091
24 29 1 8.26262259092e-05
24 30 0 0.00320769908031
24 30 1 0.000122430011688
24 31 0 0.00723030728772
24 31 1 0.0559477581603
24 32 0 0.00822595099951
24 32 1 0.0293526746585
25 0 0 4.71453276422e-06
25 0 1 0.000937795678236
25 1 0 0.000683285370949
25 1 1 0.000381884736051
25 2 0 0.000117766956835
25 2 1 0.000233262798165
25 3 0 0.000309524710543
25 3 1 0.000694541908457
25 4 0 0.00127910186609
25 4 1 0.00130222132091
25 5 0 0.000599098360421
25 5 1 0.000817583436579
25 6 0 0.000183382857084
25 6 1 0.000116929596916
25 7 0 0.000661377741789
25 7 1 0.000332602689211
25 8 0 3.84993915931e-05
25 8 1 2.81598274069e-05
25 9 0 0.000801679796851
25 9 1 0.000304898636149
25 10 0 0.000802148639702
25 10 1 0.0020264653863
25 11 0 1.38345224813e-05
25 11 1 0.00115541858552
25 12 0 2.93319043345e-05
25 12 1 4.91698256655e-05
25 13 0 3.45592356528e-05
25 13 1 0.000221288498347
25 14 0 0.000431270738576
25 14 1 0.00275736320542
25 15 0 1.91430511397e-05
25 15 1 0.00016111902286
25 16 0 0.000359959315821
25 16 1 0.00254031149618
25 17 0 0.00301484238187
25 17 1 0.00501155342413
25 18 0 5.6788446872e-05
25 18 1 0.00242395738513
25 19 0 0.000780388691341
25 19 1 0.00203035667966
25 20 0 1.33341431467e-05
25 20 1 1.99161548533e-05
25 21 0 5.43130157322e-05
25 21 1 4.72222678091e-08
25 22 0 0.000193423855133
25 22 1 0.000144867486867
25 23 0 0.000929358456352
25 23 1 0.00230988625165
25 24 0 0.000478913294185
25 24 1 0.00163276083281
25 26 0 9.55644827387e-06
25 26 1 0.000101921034726
25 27 0 0.000762017612227
25 27 1 0.000675468562773
25 28 0 0.000108148035942
25 28 1 3.96438200577e-05
25 29 0 3.79892353347e-06
25 29 1 2.64606884665e-05
25 30 0 0.000248803026723
25 30 1 0.000105672225277
25 31 0 0.00503243039466
25 31 1 0.00169255234534
25 32 0 0.000814450409793
25 32 1 0.00318560257021
26 0 0 0.000158156460303
26 0 1 0.0038995633197
26 1 0 0.00295663826511
26 1 1 0.00162916012789
26 2 0 0.0010398757377
26 2 1 0.000471386806303
26 3 0 0.00327612786751
26 3 1 0.00104660617749
26 4 0 0.00105783449175
26 4 1 0.0100553460633
26 5 0 0.00465512675222
26 5 1 0.00144400902278
26 6 0 0.000919644541773
26 6 1 0.000373268542227
26 7 0 0.00290927076903
26 7 1 0.00137003995697
26 8 0 5.97200324416e-05
26 8 1 0.000227262990558
26 9 0 0.000935050035435
26 9 1 0.00382902057256
26 10 0 0.00286078366305
26 10 1 0.00931703992195
26 11 0 0.000998374476418
26 11 1 0.00403552479158
26 12 0 7.5061816754e-05
26 12 1 0.000262905900246
26 13 0 0.00103025153745
26 13 1 7.12308655488e-05
26 14 0 0.00675906973381
26 14 1 0.00696872108119
26 15 0 0.000410512002279
26 15 1 0.000365557025721
26 16 0 0.00145371057433
26 16 1 0.0110326116937
26 17 0 0.0268436712166
26 17 1 0.00771177935638
26 18 0 0.001186365084
26 18 1 0.009493807195
26 19 0 0.00790014893464
26 19 1 0.00420074604936
26 20 0 2.07966074479e-05
26 20 1 0.000122353451552
26 21 0 8.99323175492e-05
26 21 1 0.000144100809451
26 22 0 0.000213301550853
26 22 1 0.00124311924415
26 23 0 0.012724063951
26 23 1 0.00122161765896
26 24 0 0.00484635189049
26 24 1 0.00424488316451
26 25 0 0.000128896346377
26 25 1 0.00104380324162
26 27 0 0.00427742465856
26 27 1 0.00191127867344
26 28 0 0.000395030267657
26 28 1 0.000241247123343
26 29 0 0.000108655025969
26 29 1 2.16194530309e-05
26 30 0 0.00119027772373
26 30 1 0.000335818465266
26 31 0 0.0168365237697
26 31 1 0.0121160490023
26 32 0 0.00744155146646
26 32 1 0.00977958194954
27 0 0 0.00168202115499
27 0 1 0.000997318107015
27 1 0 0.00224207241088
27 1 1 0.000785960659117
27 2 0 0.0003421036612
27 2 1 0.0006557930118
27 3 0 0.000841241147755
27 3 1 0.00201308879025
27 4 0 0.000186559045536
27 4 1 0.00715154772546
27 5 0 0.00250851704773
27 5 1 0.00151878272527
27 6 0 0.00080833958576
27 6 1 4.53794922404e-05
27 7 0 0.00213691029312
27 7 1 0.000688746939884
27 8 0 0.000174579855385
27 8 1 1.49169366145e-05
27 9 0 0.000943562643974
27 9 1 0.00220218475103
27 10 0 0.00231205260725
27 10 1 0.00572904501175
27 11 0 0.00228449427134
27 11 1 0.00103942277566
27 12 0 1.11432988289e-05
27 12 1 0.000212019024171
27 13 0 0.000271175310168
27 13 1 0.000456140820832
27 14 0 0.0011011377278
27 14 1 0.0079634135262
27 15 0 0.000251390449832
27 15 1 0.000261053073168
27 16 0 0.00436968164835
27 16 1 0.00387511969565
27 17 0 0.0124462251728
27 17 1 0.0103709678502
27 18 0 0.00295233574599
27 18 1 0.00409985279101
27 19 0 0.00533361060187
27 19 1 0.00265669055213
27 20 0 7.04733853421e-05
27 20 1 2.40495476579e-05
27 21 0 2.98225099496e-05
27 21 1 0.00012471111505
27 22 0 0.000751312486398
27 22 1 0.000210371816602
27 23 0 0.00714148908079
27 23 1 0.00206693690821
27 24 0 0.00273887980988
27 24 1 0.00326412294712
27 25 0 0.00023675019278
27 25 1 0.00053759111722
27 26 0 6.5580396321e-05
27 26 1 0.000251324388679
27 28 0 4.77399869344e-05
27 28 1 0.000372398191066
27 29 0 5.01339881119e-06
27 29 1 8.10077031888e-05
27 30 0 0.000133653060823
27 30 1 0.000874038366177
27 31 0 0.00638231105036
27 31 1 0.0127352646276
27 32 0 0.0003079488978
27 32 1 0.0110632796262
28 0 0 0.00122636775284
28 0 1 0.00147737611516
28 1 0 0.00120137636084
28 1 1 0.00185423737316
28 2 0 4.51207373193e-05
28 2 1 0.000961865219681
28 3 0 0.00118478585275
28 3 1 0.00169554258325
28 4 0 0.00160899952522
28 4 1 0.00579594596478
28 5 0 0.000907420884882
28 5 1 0.00315656131412
28 6 0 0.000446352103854
28 6 1 0.000415143024146
28 7 0 0.000544240099905
28 7 1 0.00230715446709
28 8 0 2.06901724352e-05
28 8 1 0.000170532640565
28 9 0 0.00176345824633
28 9 1 0.00141094200567
28 10 0 0.0044564825945
28 10 1 0.0036578568945
28 11 0 0.00182824823912
28 11 1 0.00152594451388
28 12 0 0.000185806552723
28 12 1 3.93884312766e-05
28 13 0 0.000539762210071
28 13 1 0.000194178636929
28 14 0 0.00875239462254
28 14 1 0.000394720569458
28 15 0 0.000356015802372
28 15 1 0.000161095282628
28 16 0 0.00137661360175
28 16 1 0.00694328503625
28 17 0 0.00517523072147
28 17 1 0.0178497913775
28 18 0 0.00336392696072
28 18 1 0.00375249602528
28 19 0 0.00680189188243
28 19 1 0.00126118846557
28 20 0 7.80826348258e-05
28 20 1 1.73012541742e-05
28 21 0 0.000119539690889
28 21 1 3.64014941111e-05
28 22 0 0.000270750901569
28 22 1 0.000699692847431
28 23 0 0.00208616057334
28 23 1 0.00720613982866
28 24 0 0.0030797953836
28 24 1 0.0029778853754
28 25 0 0.000430686370727
28 25 1 0.000350707981273
28 26 0 0.000196942925924
28 26 1 0.000122848368076
28 27 0 0.00148352055335
28 27 1 0.00264014238865
28 29 0 3.11099656639e-05
28 29 1 5.56946543361e-05
28 30 0 0.000985824243995
28 30 1 3.1045682005e-05
28 31 0 0.00313349870767
28 31 1 0.0161582082973
28 32 0 0.011048364396
28 32 1 0.000426438302019
29 0 0 0.00479697427404
29 0 1 0.00184942401496
29 1 0 0.00640235008213
29 1 1 0.00110902188187
29 2 0 0.00107763445932
29 2 1 0.00139775894668
29 3 0 0.00216504026699
29 3 1 0.00491544180601
29 4 0 0.00540158153857
29 4 1 0.0128014064044
29 5 0 0.00518947407406
29 5 1 0.00480068980594
29 6 0 0.000515542967704
29 6 1 0.0016022019163
29 7 0 0.00587096433198
29 7 1 0.00113839191502
29 8 0 0.000426308892885
29 8 1 4.37589231149e-05
29 9 0 0.00279012569287
29 9 1 0.00501324971313
29 10 0 0.0157917850905
29 10 1 0.00415504964253
29 11 0 0.00187274633796
29 11 1 0.00637259865704
29 12 0 0.000433245481582
29 12 1 0.000120333419418
29 13 0 0.00127252059736
29 13 1 0.000531667753641
29 14 0 0.00531365494072
29 14 1 0.0171719700753
29 15 0 0.000711674742992
29 15 1 0.000559498266008
29 16 0 0.000918461582921
29 16 1 0.0195336828391
29 17 0 0.0193591904087
29 17 1 0.0372413882483
29 18 0 0.0168001475646
29 18 1 0.000693588478426
29 19 0 0.00892792654603
29 19 1 0.01089290192
29 20 0 2.24596773305e-05
29 20 1 0.00021201494367
29 21 0 0.000164342547352
29 21 1 0.000218995252648
29 22 0 0.00110427974502
29 22 1 0.00128128485898
29 23 0 0.0209706259725
29 23 1 0.00187189628655
29 24 0 0.00417146717482
29 24 1 0.0107196471432
29 25 0 0.00108384875793
29 25 1 0.000836990767067
29 26 0 9.43197425136e-05
29 26 1 0.000691797735486
29 27 0 0.00397954663669
29 27 1 0.00615732566331
29 28 0 0.00055200531881
29 28 1 0.00049019404219
29 30 0 0.000149024244533
29 30 1 0.00235066613447
29 31 0 0.0107033887091
29 31 1 0.0367198786859
29 32 0 0.0200419467855
29 32 1 0.0081656471045
30 0 0 0.000540371406427
30 0 1 0.00311620233757
30 1 0 6.21005686463e-06
30 1 1 0.00412623646714
30 2 0 0.000762465373361
30 2 1 0.000599393807639
30 3 0 0.000271387945701
30 3 1 0.0036240007623
30 4 0 0.00531189700371
30 4 1 0.00470263490929
30 5 0 0.00016209529882
30 5 1 0.00533408012618
30 6 0 0.000153608217671
30 6 1 0.00101148752333
30 7 0 0.00244377770141
30 7 1 0.00141248051559
30 8 0 0.000170243813725
30 8 1 8.83680782745e-05
30 9 0 0.00240265724537
30 9 1 0.00189043750863
30 10 0 0.0103358348686
30 10 1 0.000638089501421
30 11 0 0.00222446849117
30 11 1 0.00231177966983
30 12 0 0.000212200437904
30 12 1 9.23558020958e-05
30 13 0 9.88491988408e-05
30 13 1 0.000893740692159
30 14 0 0.00755543338769
30 14 1 0.00481522850631
30 15 0 0.00060926192743
30 15 1 9.00849435701e-05
30 16 0 0.00294145436944
30 16 1 0.00831047051456
30 17 0 0.0103155452204
30 17 1 0.0208237547136
30 18 0 0.00881786623625
30 18 1 0.000806464583752
30 19 0 0.010557827144
30 19 1 0.000346773784032
30 20 0 4.90759860683e-06
30 20 1 0.000124090650393
30 21 0 0.000171754608001
30 21 1 3.91420119991e-05
30 22 0 0.000596891991727
30 22 1 0.000715547094273
30 23 0 0.0073421133184
30 23 1 0.0052248986936
30 24 0 0.00129510295299
30 24 1 0.00689737292101
30 25 0 0.000936547671533
30 25 1 0.000120218875467
30 26 0 9.11915157497e-05
30 26 1 0.00034129784225
30 27 0 6.83315932311e-05
30 27 1 0.00550855674277
30 28 0 0.000159055642252
30 28 1 0.000414319387748
30 29 0 4.50681507894e-07
30 29 1 0.000116944867492
30 31 0 0.0238135557694
30 31 1 0.00227676666762
30 32 0 0.0127251109791
30 32 1 0.00279354178791
31 0 0 0.00189897398332
31 0 1 0.00592667694968
31 1 0 0.000276642912674
31 1 1 0.00856745165833
31 2 0 0.00102930469192
31 2 1 0.00188529113508
31 3 0 0.00479492447231
31 3 1 0.00354182856869
31 4 0 0.0114128239182
31 4 1 0.0100198714148
31 5 0 0.00862707700967
31 5 1 0.00313561488733
31 6 0 0.00139136864489
31 6 1 0.00110212204111
31 7 0 0.00513756538462
31 7 1 0.00311544216538
31 8 0 9.51714427694e-05
31 8 1 0.000458299247231
31 9 0 0.00118390777985
31 9 1 0.00800399962215
31 10 0 0.00743431096791
31 10 1 0.0160516372201
31 11 0 0.00685204023865
31 11 1 0.00285625423235
31 12 0 0.000128993341416
31 12 1 0.000522805581584
31 13 0 0.000288688063105
31 13 1 0.00183561259389
31 14 0 0.0242456912385
31 14 1 0.0022294979915
31 15 0 0.000528696634555
31 15 1 0.000968017196445
31 16 0 0.0152667493494
31 16 1 0.00881416427255
31 17 0 0.0366829184545
31 17 1 0.0299601492585
31 18 0 0.00173883362721
31 18 1 0.0188587691418
31 19 0 0.00259514142807
31 19 1 0.0207424435389
31 20 0 0.000231864805416
31 20 1 4.42120195836e-05
31 21 0 0.000365397030438
31 21 1 8.59553685619e-05
31 22 0 0.000747979274443
31 22 1 0.00206084966756
31 23 0 0.0095315897579
31 23 1 0.0173638200371
31 24 0 0.00663440269808
31 24 1 0.0108988021449
31 25 0 0.00220772624195
31 25 1 5.39226940462e-05
31 26 0 0.000241113901383
31 26 1 0.000684482294617
31 27 0 0.00601939969396
31 27 1 0.00591603070404
31 28 0 0.000423051515945
31 28 1 0.000804062486055
31 29 0 0.000139443356811
31 29 1 0.000111801839189
31 30 0 0.00275324063642
31 30 1 0.000189963111582
31 32 0 0.026236270057
31 32 1 0.00697612165799
32 0 0 9.41980029295e-06
32 0 1 0.000143061425707
32 1 0 1.76311829597e-05
32 1 1 0.00015469421104
32 2 0 1.67042650708e-05
32 2 1 4.00860449292e-05
32 3 0 0.000146628315087
32 3 1 1.5811631913e-05
32 4 0 0.00041099656947
32 4 1 6.61516453013e-06
32 5 0 6.17314816579e-05
32 5 1 0.000167462191342
32 6 0 2.19358413919e-05
32 6 1 2.66493206081e-05
32 7 0 7.50864499549e-05
32 7 1 8.57217330451e-05
32 8 0 9.83975935007e-06
32 8 1 9.44504649934e-07
32 9 0 0.000154293125636
32 9 1 2.4731392364e-05
32 10 0 0.00025689877375
32 10 1 0.00020072017725
32 11 0 0.000186689349464
32 11 1 2.47480453582e-06
32 12 0 3.08069568325e-06
32 12 1 9.61947431675e-06
32 13 0 9.88787564971e-07
32 13 1 4.0402781435e-05
32 14 0 0.000114822679999
32 14 1 0.000401041028001
32 15 0 2.80334188897e-06
32 15 1 2.6359824111e-05
32 16 0 0.000420973316371
32 16 1 4.82384156288e-05
32 17 0 0.00037863162883
32 17 1 0.00091989506817
32 18 0 0.000124044100326
32 18 1 0.000277296024674
32 19 0 9.31311205152e-05
32 19 1 0.000361597003485
32 20 0 1.04714486857e-06
32 20 1 4.33215613143e-06
32 21 0 4.63242145672e-06
32 21 1 4.16208854328e-06
32 22 0 4.64696675439e-05
32 22 1 8.25979645611e-06
32 23 0 1.56859540992e-05
32 23 1 0.000508365666901
32 24 0 1.78891717661e-06
32 24 1 0.000339842033823
32 25 0 9.7431829135e-06
32 25 1 3.43245890865e-05
32 26 0 7.99484342663e-06
32 26 1 1.00402115734e-05
32 27 0 0.000176972363619
32 27 1 5.55870843808e-05
32 28 0 5.79270575768e-06
32 28 1 1.81173622423e-05
32 29 0 3.94726380167e-06
32 29 1 9.48198198328e-07
32 30 0 3.88436801895e-05
32 30 1 1.85040498105e-05
32 31 0 0.000213658440104
32 31 1 0.000874322994896
