s t h tm
0 1 0 0.00431332295374
0 1 1 0.0188119408673
0 2 0 0.0124297179663
0 2 1 0.000292846771712
0 3 0 0.0110970772896
0 3 1 0.0161312401464
0 4 0 0.000502033232211
0 4 1 2.85050267891e-05
0 5 0 0.00184443923966
0 5 1 0.00577660271134
0 6 0 0.00590514786479
0 6 1 0.00270770956021
0 7 0 0.00274718135926
0 7 1 9.12096267423e-05
0 8 0 0.00237342828258
0 8 1 0.00574535253242
0 9 0 0.00627489617432
0 9 1 0.0145974212397
0 10 0 0.00809473337976
0 10 1 0.00336041190724
0 11 0 0.00233243629114
0 11 1 9.58597428649e-05
0 12 0 0.00398235502831
0 12 1 0.00405486989969
0 13 0 0.000155124940589
0 13 1 0.000383874738411
0 14 0 0.0012372126397
0 14 1 0.0077104683073
0 15 0 0.0216595879585
0 15 1 0.00121229808954
0 16 0 0.00893702244998
0 16 1 0.000517439558017
0 17 0 4.94201825892e-05
0 17 1 0.000585336845411
0 18 0 0.00121015159527
0 18 1 0.000858607228734
0 19 0 0.0105441460427
0 19 1 0.0152388245373
0 20 0 0.000473395033572
0 20 1 0.000984185810428
0 21 0 0.0104103029809
0 21 1 0.0130409925711
0 22 0 0.0334620192833
0 22 1 0.0314386029267
0 23 0 0.00385430130408
0 23 1 0.0162047578239
0 24 0 0.00153163919193
0 24 1 0.0211957627301
0 25 0 0.000101407450627
0 25 1 0.000167451086373
0 26 0 0.000304450869806
0 26 1 0.000135100497194
0 27 0 0.00135363153721
0 27 1 0.00138175793779
1 0 0 9.40070217061e-05
1 0 1 0.000672203647294
1 2 0 0.00074963699427
1 2 1 0.00028659496773
1 3 0 0.000655122873666
1 3 1 0.00156257877533
1 4 0 3.72976687107e-05
1 4 1 5.91379928934e-06
1 5 0 0.000348434485779
1 5 1 0.000272286840221
1 6 0 0.000220747737155
1 6 1 0.000480755326845
1 7 0 3.27565719282e-05
1 7 1 0.000198425703072
1 8 0 0.000415638524235
1 8 1 0.000245622812765
1 9 0 0.000271680387848
1 9 1 0.00142833551915
1 10 0 0.000440728392861
1 10 1 0.000492274340139
1 11 0 1.51361834965e-05
1 11 1 0.000182644532503
1 12 0 0.00045860565621
1 12 1 0.00019601308879
1 13 0 1.47924256446e-05
1 13 1 2.91082113554e-05
1 14 0 0.000367295979507
1 14 1 0.000361477909493
1 15 0 0.00108302530202
1 15 1 0.000779852179979
1 16 0 0.000155883745864
1 16 1 0.000614166627136
1 17 0 2.19540561775e-05
1 17 1 2.97458588225e-05
1 18 0 0.000144496124151
1 18 1 2.4000877849e-05
1 19 0 0.000795059809325
1 19 1 0.00130492071667
1 20 0 0.000110282922448
1 20 1 8.43463855189e-06
1 21 0 0.00107204873367
1 21 1 0.000838020698333
1 22 0 0.0020096134092
1 22 1 0.0032764354718
1 23 0 0.000300972532888
1 23 1 0.00133280482511
1 24 0 0.00114333854224
1 24 1 0.000707770944757
1 25 0 6.43272315699e-06
1 25 1 1.5465361843e-05
1 26 0 2.8933469321e-05
1 26 1 6.86726667905e-06
1 27 0 0.000142201355391
1 27 1 8.05916156091e-05
2 0 0 0.00141419080715
2 0 1 0.00106834084785
2 1 0 0.00270577661882
2 1 1 0.00339683329818
2 3 0 0.00705116131546
2 3 1 0.000134218331541
2 4 0 6.9164772176e-07
2 4 1 0.000139314021278
2 5 0 0.00147217196218
2 5 1 0.000538972495823
2 6 0 0.00206226044147
2 6 1 0.000210617807529
2 7 0 0.000483986044007
2 7 1 0.000265047268993
2 8 0 0.00153728052462
2 8 1 0.000605214051376
2 9 0 0.00400515567739
2 9 1 0.00150291602361
2 10 0 0.00108113107867
2 10 1 0.00194180884333
2 11 0 0.000467446957278
2 11 1 0.000173364908722
2 12 0 0.00146154048148
2 12 1 0.000659432015524
2 13 0 0.000104429828693
2 13 1 3.78087553074e-05
2 14 0 0.000769883446914
2 14 1 0.00159135259809
2 15 0 0.00358469234355
2 15 1 0.00245105279145
2 16 0 0.000455646367858
2 16 1 0.00203932597314
2 17 0 0.000134243638222
2 17 1 3.3264700778e-05
2 18 0 8.11064987495e-05
2 18 1 0.00046482578625
2 19 0 0.00363846327483
2 19 1 0.00316549853717
2 20 0 0.000219995464594
2 20 1 0.000164650841406
2 21 0 0.00235608172332
2 21 1 0.00383256589168
2 22 0 0.00146064530503
2 22 1 0.015666215766
2 23 0 0.0019996198374
2 23 1 0.0032938381786
2 24 0 0.0014812157321
2 24 1 0.0045164009619
2 25 0 2.98629953284e-05
2 25 1 4.10870616716e-05
2 26 0 7.55277463041e-05
2 26 1 4.04670616959e-05
2 27 0 0.000549197977617
2 27 1 0.000172653892383
3 0 0 0.00020521159932
3 0 1 0.00052758455268
3 1 0 0.0016694215971
3 1 1 0.000131952840896
3 2 0 0.000471633061174
3 2 1 0.000519408730826
3 4 0 4.20429558408e-06
3 4 1 3.71227164159e-05
3 5 0 0.000478585407335
3 5 1 0.000115066205665
3 6 0 0.000619502553626
3 6 1 5.14078983736e-05
3 7 0 3.16799677627e-05
3 7 1 0.000189420427237
3 8 0 0.000340843232638
3 8 1 0.000291580437362
3 9 0 0.000826852675196
3 9 1 0.000799025382804
3 10 0 0.000376142109902
3 10 1 0.000516172289098
3 11 0 3.62764529364e-06
3 11 1 0.000185527835706
3 12 0 7.63051190957e-06
3 12 1 0.00061844025009
3 13 0 1.3947598886e-05
3 13 1 2.8038527114e-05
3 14 0 0.000591051635447
3 14 1 0.000105940358553
3 15 0 0.000126352273538
3 15 1 0.00165528495146
3 16 0 0.000277953755066
3 16 1 0.000458514650934
3 17 0 1.38053792728e-05
3 17 1 3.56398977272e-05
3 18 0 9.42741807347e-05
3 18 1 6.68746512653e-05
3 19 0 0.00111993581207
3 19 1 0.000888464372932
3 20 0 3.47906132505e-05
3 20 1 7.87496647495e-05
3 21 0 0.00170173353136
3 21 1 0.000125037599644
3 22 0 0.00150522359149
3 22 1 0.00355030021751
3 23 0 0.00119149369148
3 23 1 0.000371034486523
3 24 0 0.00157995403808
3 24 1 0.000190428395917
3 25 0 1.56697697914e-05
3 25 1 5.27333820863e-06
3 26 0 1.60013765706e-05
3 26 1 1.82380854294e-05
3 27 0 7.28710243532e-05
3 27 1 0.000140205925647
4 0 0 0.00342079176236
4 0 1 0.00626644780964
4 1 0 0.0101640764464
4 1 1 0.0136492933306
4 2 0 0.00241125611168
4 2 1 0.0106898760943
4 3 0 0.0247172215891
4 3 1 0.00332129059888
4 5 0 0.00669930260846
4 5 1 0.00114850797054
4 6 0 0.0029031700834
4 6 1 0.0059659680276
4 7 0 0.00255767861286
4 7 1 0.000365170382137
4 8 0 0.00747387678506
4 8 1 0.000886483172936
4 9 0 0.0153755780743
4 9 1 0.00611780753774
4 10 0 0.000325986886766
4 10 1 0.0114700130492
4 11 0 0.00144809000431
4 11 1 0.00105246141969
4 12 0 0.00711985771234
4 12 1 0.00115651961566
4 13 0 0.00035925727983
4 13 1 0.00019578065517
4 14 0 0.00487109290671
4 14 1 0.00434283159929
4 15 0 0.0231438008647
4 15 1 0.000408651732271
4 16 0 0.00340471338164
4 16 1 0.00633107175636
4 17 0 0.000165757502745
4 17 1 0.000487887098255
4 18 0 0.00149265804778
4 18 1 0.000637657924221
4 19 0 0.0234872528701
4 19 1 0.00306290530794
4 20 0 0.000539491301287
4 20 1 0.000961460726713
4 21 0 0.00407934207372
4 21 1 0.0200697607023
4 22 0 0.0556720078643
4 22 1 0.0111597708947
4 23 0 0.00497331359531
4 23 1 0.0156826147477
4 24 0 0.0108422686441
4 24 1 0.0125614006169
4 25 0 0.000125860329172
4 25 1 0.000150998253828
4 26 0 7.26562114851e-05
4 26 1 0.000379974267515
4 27 0 0.000917246145923
4 27 1 0.00189953646708
5 0 0 0.000269240105365
5 0 1 0.00242547644564
5 1 0 0.00333592621888
5 1 1 0.00328828093412
5 2 0 0.00126810895548
5 2 1 0.00237625614252
5 3 0 0.00506898939527
5 3 1 0.00273053308873
5 4 0 8.39449730528e-05
5 4 1 6.80271449472e-05
5 6 0 0.00114476381383
5 6 1 0.00132238000817
5 7 0 0.000704446325761
5 7 1 0.000108607744239
5 8 0 0.000315490778483
5 8 1 0.00201012532552
5 9 0 0.00111562905053
5 9 1 0.00486322400747
5 10 0 0.00192876059927
5 10 1 0.00135255354873
5 11 0 0.000550161020048
5 11 1 0.000145421788952
5 12 0 0.000641173521622
5 12 1 0.00166108098538
5 13 0 3.63132045179e-05
5 13 1 0.000118082678482
5 14 0 0.0025226566826
5 14 1 4.03969793973e-05
5 15 0 0.00495773688431
5 15 1 0.00159389047569
5 16 0 0.00139526794653
5 16 1 0.00131295261047
5 17 0 2.95126440399e-05
5 17 1 0.00015231282996
5 18 0 0.000197040618357
5 18 1 0.000395553139643
5 19 0 0.00511184127197
5 19 1 0.00227366314703
5 20 0 0.000266746003769
5 20 1 0.000150776474231
5 21 0 0.00482211769951
5 21 1 0.00189548089549
5 22 0 0.00278985690117
5 22 1 0.0158008570998
5 23 0 0.00434331476056
5 23 1 0.00140258132944
5 24 0 0.00375785217588
5 24 1 0.00275238786112
5 25 0 5.9030799555e-05
5 25 1 1.7983441445e-05
5 26 0 1.94513633916e-05
5 26 1 0.000106457656608
5 27 0 0.000419010568366
5 27 1 0.000364538828634
6 0 0 3.02095974914e-05
6 0 1 0.000189236542509
6 1 0 2.42339312582e-05
6 1 1 0.000515213043742
6 2 0 5.31024675239e-05
6 2 1 0.000243678970476
6 3 0 0.00051543564903
6 3 1 0.00011972395697
6 4 0 1.02169889133e-05
6 4 1 2.15896708674e-06
6 5 0 0.000108934686045
6 5 1 6.88426599547e-05
6 7 0 2.2762704568e-05
6 7 1 4.3448926432e-05
6 8 0 0.000122794190456
6 8 1 6.65939945437e-05
6 9 0 0.000110119579289
6 9 1 0.000376772529711
6 10 0 7.38117622399e-05
6 10 1 0.00019340436676
6 11 0 5.22671467614e-05
6 11 1 4.37812923863e-06
6 12 0 0.000174192903679
6 12 1 1.32928133213e-05
6 13 0 6.65300994655e-06
6 13 1 5.92032705345e-06
6 14 0 0.000165069368602
6 14 1 4.36547113975e-05
6 15 0 0.000166807384535
6 15 1 0.000366729003465
6 16 0 0.000201624282465
6 16 1 1.8921565535e-05
6 17 0 9.95448510946e-06
6 17 1 4.85260089054e-06
6 18 0 6.66339838427e-06
6 18 1 4.15948916157e-05
6 19 0 0.000172002647965
6 19 1 0.000429441106035
6 20 0 1.21783149517e-05
6 20 1 2.18229220483e-05
6 21 0 0.000397881964468
6 21 1 0.000149170407532
6 22 0 0.000275788562456
6 22 1 0.00123815932454
6 23 0 0.000216171875667
6 23 1 0.000251749219333
6 24 0 0.000113957499591
6 24 1 0.000416208482409
6 25 0 3.25072585362e-06
6 25 1 3.02098314638e-06
6 26 0 4.06493713225e-06
6 26 1 6.18855286775e-06
6 27 0 3.88155388592e-05
6 27 1 2.49933581408e-05
7 0 0 0.00135407461822
7 0 1 0.000823620089783
7 1 0 0.0018754242493
7 1 1 0.0034778292717
7 2 0 0.000826697192381
7 2 1 0.00211844172662
7 3 0 0.00202621534715
7 3 1 0.00427685160685
7 4 0 3.84337053333e-05
7 4 1 8.43802796667e-05
7 5 0 0.00134614411014
7 5 1 0.00041804634286
7 6 0 0.00148531411614
7 6 1 0.000508471108862
7 8 0 0.000598091494816
7 8 1 0.00128132023118
7 9 0 0.000554711901209
7 9 1 0.00427700840079
7 10 0 0.00197644169345
7 10 1 0.000675303052552
7 11 0 0.000406412320518
7 11 1 0.000155712479482
7 12 0 0.000137847639057
7 12 1 0.00172268476294
7 13 0 0.000119647266551
7 13 1 5.12544744866e-06
7 14 0 0.000644902716715
7 14 1 0.00142639060629
7 15 0 0.000528592482683
7 15 1 0.00476600676932
7 16 0 0.000932638021633
7 16 1 0.00125596974637
7 17 0 9.77372187413e-06
7 17 1 0.000137165804126
7 18 0 8.40059816508e-05
7 18 1 0.000394889764349
7 19 0 0.00329773665092
7 19 1 0.00267074782208
7 20 0 0.000137423063397
7 20 1 0.000199991456603
7 21 0 0.00272481282572
7 21 1 0.00270391358628
7 22 0 0.00991702086976
7 22 1 0.00510678543424
7 23 0 0.00197789492539
7 23 1 0.00266556470161
7 24 0 0.00178727855055
7 24 1 0.00347387415745
7 25 0 4.10889112397e-05
7 25 1 2.11489907603e-05
7 26 0 7.38614893908e-05
7 26 1 2.78899946092e-05
7 27 0 0.000543512136028
7 27 1 8.97015409721e-05
8 0 0 0.00133173275305
8 0 1 0.00131035274395
8 1 0 0.00331667803224
8 1 1 0.00317815039276
8 2 0 0.00286406380352
8 2 1 0.000709122463482
8 3 0 0.00706875600437
8 3 1 0.000578432430628
8 4 0 2.94269219287e-05
8 4 1 0.000119576998071
8 5 0 0.00179735074121
8 5 1 0.000343051213786
8 6 0 0.00226211413218
8 6 1 0.00015684340482
8 7 0 0.00037767693774
8 7 1 0.00041949720926
8 9 0 0.00235451225354
8 9 1 0.00350756661746
8 10 0 0.00264686514024
8 10 1 0.000570360997762
8 11 0 0.000564621098397
8 11 1 0.000117376141603
8 12 0 0.000881876668951
8 12 1 0.00137541204005
8 13 0 0.000128405264652
8 13 1 2.29750813481e-05
8 14 0 0.000625988840789
8 14 1 0.00188700530321
8 15 0 0.00150146835834
8 15 1 0.00492219784466
8 16 0 0.00119168172126
8 16 1 0.00146364403274
8 17 0 9.94713299005e-05
8 17 1 7.88028740995e-05
8 18 0 0.000277518064289
8 18 1 0.000303501625711
8 19 0 0.00258101894144
8 19 1 0.00466023769856
8 20 0 0.000397750463299
8 20 1 1.16172987006e-05
8 21 0 0.000283746911335
8 21 1 0.00630264890867
8 22 0 0.0115157937262
8 22 1 0.00671182128375
8 23 0 0.00224563983534
8 23 1 0.00338803199666
8 24 0 0.00608628031865
8 24 1 0.000296806904349
8 25 0 5.21745426412e-06
8 25 1 7.02926057359e-05
8 26 0 6.16704008425e-05
8 26 1 6.17794651575e-05
8 27 0 0.000723092517629
8 27 1 4.51532183706e-05
9 0 0 0.00300224314247
9 0 1 0.00137960836853
9 1 0 0.00944230890231
9 1 1 0.00132924779869
9 2 0 0.00341531424568
9 2 1 0.00251075122632
9 3 0 0.00630709329815
9 3 1 0.00637563185485
9 4 0 8.17613775211e-05
9 4 1 0.000165358957479
9 5 0 0.000994312370063
9 5 1 0.00255550596394
9 6 0 0.00266131277878
9 6 1 0.00135048500322
9 7 0 0.00124018214062
9 7 1 8.19169143777e-05
9 8 0 0.00310165468753
9 8 1 0.00068000629447
9 10 0 0.00500837383476
9 10 1 0.000327338135243
9 11 0 0.000746255927458
9 11 1 0.000384824289542
9 12 0 0.00164973000416
9 12 1 0.00209394291984
9 13 0 6.58408229869e-05
9 13 1 0.000185220772013
9 14 0 8.54039059196e-05
9 14 1 0.00408235190508
9 15 0 0.000744572542766
9 15 1 0.00990896288623
9 16 0 0.00172005500083
9 16 1 0.00268375523817
9 17 0 8.72944555354e-05
9 17 1 0.000208370120465
9 18 0 0.000821498245733
9 18 1 0.000142112511267
9 19 0 0.00547137832032
9 19 1 0.00653811621668
9 20 0 0.000533467828009
9 20 1 0.000145461278991
9 21 0 0.00550652749646
9 21 1 0.00541689208954
9 22 0 0.0183381186017
9 22 1 0.0118920546613
9 23 0 0.00816274473397
9 23 1 0.00118059917103
9 24 0 0.00192324907259
9 24 1 0.00866298684541
9 25 0 3.02574683153e-05
9 25 1 9.49746156847e-05
9 26 0 3.58478271738e-05
9 26 1 0.000168891565826
9 27 0 0.00107683304408
9 27 1 0.000197288758918
10 0 0 0.0019957374891
10 0 1 0.0029946081249
10 1 0 0.00734894500567
10 1 1 0.00491842430533
10 2 0 0.00061154857874
10 2 1 0.00613745119226
10 3 0 0.009284049601
10 3 1 0.005159886186
10 4 0 5.04083288159e-05
10 4 1 0.000231028839184
10 5 0 5.29602420421e-05
10 5 1 0.00398981033396
10 6 0 0.00355811743358
10 6 1 0.00101078624142
10 7 0 0.0010792840166
10 7 1 0.0004264108264
10 8 0 0.00178831918875
10 8 1 0.00251848930325
10 9 0 0.005076041449
10 9 1 0.005996196605
10 11 0 5.64533573241e-05
10 11 1 0.00123169645468
10 12 0 0.00127363379255
10 12 1 0.00298991135845
10 13 0 0.000255973693974
10 13 1 2.99520440261e-05
10 14 0 0.000372974641074
10 14 1 0.00437354446893
10 15 0 0.00852021228689
10 15 1 0.00361274650411
10 16 0 0.00480228685689
10 16 1 0.000213066826107
10 17 0 0.00012290899457
10 17 1 0.00021381360243
10 18 0 0.000766618177276
10 18 1 0.000330806211724
10 19 0 0.00991550759699
10 19 1 0.00376170813001
10 20 0 1.2719043971e-05
10 20 1 0.000760490838029
10 21 0 0.00400078888337
10 21 1 0.00843953203963
10 22 0 0.0278581889813
10 22 1 0.00656995451172
10 23 0 0.00883462578138
10 23 1 0.00180619925962
10 24 0 0.0101586021895
10 24 1 0.00189771141652
10 25 0 3.4575891555e-05
10 25 1 0.000108046782445
10 26 0 9.80736762907e-05
10 26 1 0.000135097239709
10 27 0 0.00121194366687
10 27 1 0.00023911147213
11 0 0 0.000456495235732
11 0 1 9.23015852684e-05
11 1 0 0.000308289249791
11 1 1 0.00104077428221
11 2 0 0.000742025374211
11 2 1 1.73644789327e-07
11 3 0 0.00122311661358
11 3 1 0.000365307647421
11 4 0 1.44699824844e-05
11 4 1 1.64801435156e-05
11 5 0 0.000290274036452
11 5 1 0.000154316341548
11 6 0 0.000237150144608
11 6 1 0.000265299987392
11 7 0 9.2054169174e-05
11 7 1 7.3529661826e-05
11 8 0 0.000334434843549
11 8 1 0.000139192234451
11 9 0 0.000505684144178
11 9 1 0.000711948764822
11 10 0 0.000510795718029
11 10 1 0.000157465577971
11 12 0 0.000211759928829
11 12 1 0.000257109405171
11 13 0 2.59002226862e-05
11 13 1 5.54351831384e-06
11 14 0 4.4065405028e-05
11 14 1 0.000477917398972
11 15 0 0.000802679132883
11 15 1 0.000531603045117
11 16 0 0.00023636258814
11 16 1 0.00031518441286
11 17 0 1.35007424502e-05
11 17 1 2.35292155498e-05
11 18 0 9.42295096731e-05
11 18 1 2.64561223269e-05
11 19 0 0.000866350736156
11 19 1 0.000637756011844
11 20 0 2.14089862235e-05
11 20 1 6.36222237765e-05
11 21 0 0.00117927209536
11 21 1 0.000188811220639
11 22 0 0.00185434281541
11 22 1 0.00193177886159
11 23 0 0.000289866837789
11 23 1 0.000880322846211
11 24 0 0.000372426764525
11 24 1 0.000953426611475
11 25 0 4.27510921243e-06
11 25 1 1.14093497876e-05
11 26 0 2.29144074806e-05
11 26 1 2.72779551943e-06
11 27 0 4.28243046811e-05
11 27 1 0.000116750704319
12 0 0 0.00469987449678
12 0 1 0.00378398795822
12 1 0 0.0117716545395
12 1 1 0.00908354907952
12 2 0 0.00543128819494
12 2 1 0.00604238320706
12 3 0 0.0114819944145
12 3 1 0.0130734921185
12 4 0 0.000219733979253
12 4 1 0.000258724709747
12 5 0 0.00536333958562
12 5 1 0.00150959310438
12 6 0 0.0013870160627
12 6 1 0.0063803718783
12 7 0 0.000216511599865
12 7 1 0.00234325257914
12 8 0 0.00196205005187
12 8 1 0.00535976164013
12 9 0 0.004547818417
12 9 1 0.014275596228
12 10 0 0.000174991209169
12 10 1 0.0101556752548
12 11 0 0.00108936350482
12 11 1 0.00110056213818
12 13 0 0.000206334782853
12 13 1 0.000279754723147
12 14 0 0.000841219168074
12 14 1 0.00722812479693
12 15 0 0.0186364308956
12 15 1 0.00199026743543
12 16 0 0.00212992214315
12 16 1 0.00639645540685
12 17 0 9.40389410161e-05
12 17 1 0.000478408022984
12 18 0 0.00140568599086
12 18 1 0.000459995925136
12 19 0 0.00231257043288
12 19 1 0.0209394497601
12 20 0 9.04613620459e-05
12 20 1 0.00122403803295
12 21 0 0.00304732713902
12 21 1 0.018101903748
12 22 0 0.0113374587546
12 22 1 0.0471922817774
12 23 0 0.0163787489887
12 23 1 0.00171123976827
12 24 0 0.0166555798047
12 24 1 0.0038408174893
12 25 0 0.000127672021481
12 25 1 0.000114794381519
12 26 0 6.34426148969e-05
12 26 1 0.000332960788103
12 27 0 0.00115775083346
12 27 1 0.00130912283854
13 0 0 0.00124316007529
13 0 1 0.00331327438771
13 1 0 0.00704816486891
13 1 1 0.00415255520509
13 2 0 0.00479009609938
13 2 1 0.00137207732962
13 3 0 0.000582043723928
13 3 1 0.0126059901091
13 4 0 0.000114107685189
13 4 1 0.000142858486811
13 5 0 0.000387644457014
13 5 1 0.00330360673099
13 6 0 0.00332035501976
13 6 1 0.00085128193124
13 7 0 0.000500910198384
13 7 1 0.000873864296616
13 8 0 0.00245521125453
13 8 1 0.00147711972147
13 9 0 0.00831014672401
13 9 1 0.00179935889999
13 10 0 0.000556356188051
13 10 1 0.00499194270895
13 11 0 0.000659272117723
13 11 1 0.000516872913277
13 12 0 0.000688635800718
13 12 1 0.00320419358628
13 14 0 0.000768347124928
13 14 1 0.00356546157707
13 15 0 0.00366820094704
13 15 1 0.00740979561796
13 16 0 0.00413743777273
13 16 1 0.00044183030427
13 17 0 0.000167327190721
13 17 1 0.000140117336279
13 18 0 0.000162033117332
13 18 1 0.000839970088668
13 19 0 0.00667554574178
13 19 1 0.00581243443322
13 20 0 5.59973401438e-05
13 20 1 0.000649981849856
13 21 0 0.00166808162941
13 21 1 0.00969055189259
13 22 0 0.0214968382044
13 22 1 0.00993777407159
13 23 0 0.00761430768171
13 23 1 0.00210129634229
13 24 0 0.00144192676153
13 24 1 0.00956608892647
13 25 0 0.000123251809519
13 25 1 6.96980648146e-06
13 26 0 0.000137238570982
13 26 1 7.56581060179e-05
13 27 0 0.000288559452448
13 27 1 0.00103632626755
14 0 0 0.00146590552053
14 0 1 0.00180566615647
14 1 0 0.00740576852946
14 1 1 0.000636475652537
14 2 0 0.00208578154423
14 2 1 0.00233872894077
14 3 0 0.0076161519842
14 3 1 0.0018530060408
14 4 0 4.33035920457e-05
14 4 1 0.000141201036954
14 5 0 0.000580748946022
14 5 1 0.00206961131698
14 6 0 0.00116898986121
14 6 1 0.00182629283279
14 7 0 0.000347951282964
14 7 1 0.000639152413036
14 8 0 0.00110775361003
14 8 1 0.00171570467697
14 9 0 0.000973896516939
14 9 1 0.00628484330106
14 10 0 0.00276338452379
14 10 1 0.00122035707821
14 11 0 0.000152156722615
14 11 1 0.000692328763385
14 12 0 0.000450942384484
14 12 1 0.00234415331352
14 13 0 8.09758649256e-05
14 13 1 0.000106471382074
14 15 0 0.00748550319819
14 15 1 0.000468624111808
14 16 0 0.00155066582253
14 16 1 0.00173730064847
14 17 0 0.000118046962339
14 17 1 0.000102701698661
14 18 0 0.000507213562534
14 18 1 0.000212236115466
14 19 0 0.00414084538513
14 19 1 0.00482566616487
14 20 0 0.000307800210195
14 20 1 0.000199100863805
14 21 0 0.00603130024449
14 21 1 0.00212432758651
14 22 0 0.0185512177657
14 22 1 0.00401919074633
14 23 0 0.00647267044451
14 23 1 0.000503243552491
14 24 0 0.00637121201708
14 24 1 0.00153266822792
14 25 0 7.85482418769e-05
14 25 1 1.49523561231e-05
14 26 0 2.53765996761e-06
14 26 1 0.000150324571032
14 27 0 0.000153440680263
14 27 1 0.000797842308737
15 0 0 0.000858981050463
15 0 1 0.00138618547254
15 1 0 0.00518701986102
15 1 1 0.000332094249985
15 2 0 0.00116323780839
15 2 1 0.00187315075461
15 3 0 0.000504355695517
15 3 1 0.00599400004848
15 4 0 1.05329300158e-05
15 4 1 0.000116086217984
15 5 0 0.00121068075965
15 5 1 0.000608169849348
15 6 0 0.00149145633462
15 6 1 0.000564102612379
15 7 0 0.000180368539504
15 7 1 0.000497046596496
15 8 0 0.000979035209443
15 8 1 0.000958606588557
15 9 0 0.00218969962284
15 9 1 0.00279172253416
15 10 0 0.000503140459538
15 10 1 0.00223076365846
15 11 0 0.000127901825856
15 11 1 0.000451639364144
15 12 0 0.00171520388431
15 12 1 0.000202973648691
15 13 0 6.71665555608e-05
15 13 1 6.14720084392e-05
15 14 0 0.000108710658994
15 14 1 0.00202675782901
15 16 0 0.000540663137561
15 16 1 0.00171575456544
15 17 0 1.86892231615e-05
15 17 1 0.000132802949838
15 18 0 0.000281932018112
15 18 1 0.000211801419888
15 19 0 0.00187752850213
15 19 1 0.00427587834587
15 20 0 0.000108286515026
15 20 1 0.000239582164974
15 21 0 0.00222387359203
15 21 1 0.00337305179697
15 22 0 0.00396422523923
15 22 1 0.0115250657218
15 23 0 0.00170555209544
15 23 1 0.00308177647956
15 24 0 0.00451778790401
15 24 1 0.00090637182199
15 25 0 5.37611555865e-05
15 25 1 1.04050724135e-05
15 26 0 1.48708225129e-06
15 26 1 0.000103416981749
15 27 0 0.000476147290688
15 27 1 0.000176685333312
16 0 0 0.000374753972236
16 0 1 0.000463104978764
16 1 0 0.000733728631743
16 1 1 0.00132591331926
16 2 0 0.000265990264471
16 2 1 0.000867139643529
16 3 0 0.00206777455298
16 3 1 0.000357304152021
16 4 0 7.22239033802e-06
16 4 1 4.0029777662e-05
16 5 0 0.000270170807488
16 5 1 0.000408594106512
16 6 0 0.000331884549792
16 6 1 0.000435215995208
16 7 0 0.000204359044564
16 7 1 4.84410614356e-05
16 8 0 0.000607857457022
16 8 1 0.000115238360978
16 9 0 0.0003506600989
16 9 1 0.0015083241231
16 10 0 0.000400925832483
16 10 1 0.000619321891517
16 11 0 0.000126652711197
16 11 1 8.96224598034e-05
16 12 0 0.000434435076423
16 12 1 0.000281397000577
16 13 0 3.30260619341e-05
16 13 1 1.49797190659e-05
16 14 0 0.000407328726011
16 14 1 0.000389592735989
16 15 0 4.70529912567e-05
16 15 1 0.00199002197474
16 17 0 3.16453352993e-06
16 17 1 5.33698354701e-05
16 18 0 0.000115785911617
16 18 1 6.8467228383e-05
16 19 0 0.00177982674592
16 19 1 0.000516522746084
16 20 0 2.31196173255e-05
16 20 1 0.000106699210674
16 21 0 0.000986775283172
16 21 1 0.00110190454783
16 22 0 0.00189350274809
16 22 1 0.00388684402691
16 23 0 0.00149065817513
16 23 1 0.000295893536871
16 24 0 0.00133099477826
16 24 1 0.000693211768743
16 25 0 1.7652463752e-05
16 25 1 6.29330924798e-06
16 26 0 1.61325533331e-05
16 26 1 2.30159056669e-05
16 27 0 7.21281464439e-05
16 27 1 0.000171498173556
17 0 0 0.000735608293117
17 0 1 0.000473750477883
17 1 0 0.00120967013084
17 1 1 0.00176320025216
17 2 0 0.000252225260113
17 2 1 0.00138332520089
17 3 0 0.000872093573067
17 3 1 0.00262824523893
17 4 0 5.27609052401e-07
17 4 1 6.76757849476e-05
17 5 0 0.000673828419058
17 5 1 0.000305895318942
17 6 0 0.000654659918619
17 6 1 0.000452566747381
17 7 0 0.000125656755829
17 7 1 0.000239232854171
17 8 0 0.000492592666588
17 8 1 0.000551117935412
17 9 0 0.000106454594805
17 9 1 0.00257678805919
17 10 0 0.000923951058715
17 10 1 0.000548666180285
17 11 0 3.89494215793e-05
17 11 1 0.000273220394421
17 12 0 0.000871306519954
17 12 1 0.000161919658046
17 13 0 1.7294762772e-05
17 13 1 5.1996390228e-05
17 14 0 0.000327583121895
17 14 1 0.000822686812105
17 15 0 0.000602221987527
17 15 1 0.00233807539247
17 16 0 3.32725511895e-06
17 16 1 0.00121209196388
17 18 0 6.34549992598e-05
17 18 1 0.00020249447874
17 19 0 0.00173009743222
17 19 1 0.00158443468378
17 20 0 0.000180034231406
17 20 1 7.34520559351e-06
17 21 0 0.000501143863869
17 21 1 0.00251363955813
17 22 0 0.00453489851137
17 22 1 0.00380840684863
17 23 0 0.00079367469537
17 23 1 0.00178501946563
17 24 0 0.00143727772964
17 24 1 0.00148444548036
17 25 0 1.44867719504e-05
17 25 1 2.00763620496e-05
17 26 0 3.6665770678e-06
17 26 1 5.28399889322e-05
17 27 0 0.000251819648095
17 27 1 9.98285929046e-05
18 0 0 0.000986046163619
18 0 1 0.000758462783381
18 1 0 0.00127363532795
18 1 1 0.00301475212605
18 2 0 0.00011974715621
18 2 1 0.00223954644679
18 3 0 0.002767184283
18 3 1 0.00228208027
18 4 0 6.90191434651e-05
18 4 1 2.93647555349e-05
18 5 0 0.000767769872578
18 5 1 0.000645488845422
18 6 0 0.000406122151982
18 6 1 0.00119106048002
18 7 0 0.000336423288211
18 7 1 0.000189932665789
18 8 0 0.00110109003985
18 8 1 0.00040447020215
18 9 0 0.00386806344283
18 9 1 2.53387616744e-06
18 10 0 0.00184006645851
18 10 1 0.000284194769495
18 11 0 0.000426081717393
18 11 1 2.42255456073e-05
18 12 0 0.000382128207487
18 12 1 0.00110830817451
18 13 0 7.94027601233e-05
18 13 1 2.05502388767e-05
18 14 0 0.00111589020355
18 14 1 0.000543382659447
18 15 0 0.00325688814913
18 15 1 0.000984512508868
18 16 0 0.000622952543522
18 16 1 0.00113029864448
18 17 0 5.67933104986e-05
18 17 1 6.09170905014e-05
18 19 0 0.00211166157948
18 19 1 0.00266957544452
18 20 0 5.43609481241e-05
18 20 1 0.000215935271876
18 21 0 0.00170491682128
18 21 1 0.00264393050072
18 22 0 0.00197656231874
18 22 1 0.0100587172013
18 23 0 0.00213970043256
18 23 1 0.00158008491444
18 24 0 0.00115080641221
18 24 1 0.00306380086879
18 25 0 2.98065953772e-05
18 25 1 2.00509796228e-05
18 26 0 9.96700395152e-06
18 26 1 7.15441340485e-05
18 27 0 0.000447243589216
18 27 1 6.00115927843e-05
19 0 0 0.000901386749538
19 0 1 0.00218762270246
19 1 0 0.00102482037578
19 1 1 0.00656864562422
19 2 0 0.00182269719916
19 2 1 0.00235491407184
19 3 0 0.00468910523391
19 3 1 0.00425164909809
19 4 0 4.5211904368e-05
19 4 1 0.000128996885632
19 5 0 0.00218111657825
19 5 1 0.000321346675748
19 6 0 0.000793502219244
19 6 1 0.00203463589576
19 7 0 0.000241266585258
19 7 1 0.000690754152742
19 8 0 0.00190441089253
19 8 1 0.000761491064468
19 9 0 0.00355325585231
19 9 1 0.00330042736869
19 10 0 0.00246815463554
19 10 1 0.00129328380446
19 11 0 0.00072682646099
19 11 1 7.053453401e-05
19 12 0 0.00209510214642
19 12 1 0.000544019927583
19 13 0 2.00065327172e-05
19 13 1 0.000156980669283
19 14 0 0.00257155803859
19 14 1 0.000366523514408
19 15 0 0.00676026637871
19 15 1 0.000749999900288
19 16 0 0.00183905733348
19 16 1 0.00126543204052
19 17 0 1.58408148602e-05
19 17 1 0.00019258949514
19 18 0 0.000610087550036
19 18 1 6.92149619639e-05
19 20 0 0.000255710937548
19 20 1 0.000222903735452
19 21 0 0.00303592226918
19 21 1 0.00466460027682
19 22 0 0.0120205183998
19 22 1 0.00929040250321
19 23 0 0.00339012198974
19 23 1 0.00319651782826
19 24 0 0.00476603689411
19 24 1 0.00269678623789
19 25 0 3.50421317538e-06
19 25 1 8.47788078246e-05
19 26 0 0.000116412999446
19 26 1 2.79191205544e-05
19 27 0 8.41268914539e-05
19 27 1 0.000814072027546
20 0 0 0.00378029121501
20 0 1 0.000141500076994
20 1 0 0.00606600675239
20 1 1 0.00357462054261
20 2 0 0.00420461557685
20 2 1 0.00109925926015
20 3 0 0.00385282453031
20 3 1 0.00749831344069
20 4 0 0.000217451903212
20 4 1 3.72272478768e-06
20 5 0 0.00244355992869
20 5 1 0.000733555178313
20 6 0 0.000655418611397
20 6 1 0.0029351717066
20 7 0 0.000813157174085
20 7 1 0.000370131795915
20 8 0 0.000755053781896
20 8 1 0.0026295623041
20 9 0 0.00040094187513
20 9 1 0.00830046082087
20 10 0 0.00102224850719
20 10 1 0.00375325533881
20 11 0 0.000153796515977
20 11 1 0.000858529104023
20 12 0 0.0027471536819
20 12 1 0.000603462796095
20 13 0 0.000184934808829
20 13 1 3.97672771715e-05
20 14 0 0.00168548802395
20 14 1 0.00204468594605
20 15 0 0.00715616834401
20 15 1 0.00237882899099
20 16 0 0.000327743141956
20 16 1 0.00361370138304
20 17 0 4.52000914193e-05
20 17 1 0.000219422011581
20 18 0 0.00023285016126
20 18 1 0.00062958898474
20 19 0 0.00183923335618
20 19 1 0.00890935796082
20 21 0 0.00368472776002
20 21 1 0.00609181800098
20 22 0 0.0163819188195
20 22 1 0.0106743221275
20 23 0 0.000845784799278
20 23 1 0.00751658089872
20 24 0 0.00912965203929
20 24 1 0.000345111707714
20 25 0 1.76069097336e-05
20 25 1 9.44767822664e-05
20 26 0 0.000117421365124
20 26 1 6.58219888764e-05
20 27 0 0.000852118394203
20 27 1 0.000288230560797
21 0 0 0.00112756587131
21 0 1 0.00237475750569
21 1 0 0.0020137025134
21 1 1 0.0065957802036
21 2 0 0.00260804823298
21 2 1 0.00212853345802
21 3 0 0.00798202100076
21 3 1 0.00215501917224
21 4 0 5.4447632119e-05
21 4 1 0.000143070545881
21 5 0 0.00266230924817
21 5 1 0.000174987202834
21 6 0 0.00203767746118
21 6 1 0.00116886961682
21 7 0 0.000655506086728
21 7 1 0.000401220371272
21 8 0 0.00056178573635
21 8 1 0.00246081775265
21 9 0 0.00223318259151
21 9 1 0.00553753334149
21 10 0 0.00162590584479
21 10 1 0.00263881849021
21 11 0 0.000773687416243
21 11 1 0.000130361631757
21 12 0 0.00077411179407
21 12 1 0.00221812862493
21 13 0 0.000163927343639
21 13 1 3.67410013609e-05
21 14 0 0.00221168395804
21 14 1 0.00111951714996
21 15 0 0.000368629041975
21 15 1 0.00814652171003
21 16 0 0.00142271182442
21 16 1 0.00209716271058
21 17 0 0.000212284833756
21 17 1 2.4033753244e-05
21 18 0 3.27023749782e-05
21 18 1 0.000737491794022
21 19 0 0.00517948118222
21 19 1 0.00441945966878
21 20 0 0.000404098006987
21 20 1 0.000138556000013
21 22 0 0.0182554243351
21 22 1 0.00590692855889
21 23 0 0.000951940902808
21 23 1 0.00651600083419
21 24 0 0.00627984877502
21 24 1 0.00218151086798
21 25 0 5.38399708828e-05
21 25 1 4.62554461172e-05
21 26 0 0.000150195277721
21 26 1 1.34486892791e-05
21 27 0 0.00044584246898
21 27 1 0.00057253676302
22 0 0 0.000438152194295
22 0 1 0.0010331758057
22 1 0 0.00344434004656
22 1 1 0.000172508433439
22 2 0 0.000766256144864
22 2 1 0.00122358445914
22 3 0 0.00313948084831
22 3 1 0.00111909536869
22 4 0 7.90227236146e-05
22 4 1 3.95477238543e-06
22 5 0 0.000645998115596
22 5 1 0.000545951702404
22 6 0 0.000384111195193
22 6 1 0.000962961016807
22 7 0 0.000309306566091
22 7 1 0.000134624806909
22 8 0 0.00103055686456
22 8 1 0.000239240542441
22 9 0 0.00225555826728
22 9 1 0.00100892381972
22 10 0 0.000566537600968
22 10 1 0.00122507546503
22 11 0 0.000186097025401
22 11 1 0.000193694482599
22 12 0 0.000608401528146
22 12 1 0.000648640336854
22 13 0 3.52115167067e-05
22 13 1 4.90893662933e-05
22 14 0 0.00131453032886
22 14 1 8.49091101403e-05
22 15 0 0.00164854185312
22 15 1 0.00192867771588
22 16 0 0.000878924271381
22 16 1 0.000599776979619
22 17 0 6.04033243886e-05
22 17 1 3.88742456114e-05
22 18 0 0.000296055603989
22 18 1 2.75033950113e-05
22 19 0 0.00248137467844
22 19 1 0.00155114571456
22 20 0 4.30693340829e-05
22 20 1 0.000184899916917
22 21 0 0.00101989942526
22 21 1 0.00264794122374
22 23 0 0.000455899053554
22 23 1 0.00268138742545
22 24 0 1.35172863675e-05
22 24 1 0.00354110460763
22 25 0 9.09127424853e-06
22 25 1 3.29588657515e-05
22 26 0 2.94041984274e-05
22 26 1 3.93427225726e-05
22 27 0 0.000383299283357
22 27 1 4.45223986426e-05
23 0 0 0.000896412011601
23 0 1 0.0014052907414
23 1 0 0.00270141617375
23 1 1 0.00295667645025
23 2 0 0.00104878436571
23 2 1 0.00206406443229
23 3 0 0.0061592789598
23 3 1 0.000502713882203
23 4 0 2.0617735344e-05
23 4 1 0.000109189847656
23 5 0 0.000221273945269
23 5 1 0.00164337770073
23 6 0 5.90511612005e-05
23 6 1 0.0020482694488
23 7 0 0.000691533515847
23 7 1 2.93981915265e-06
23 8 0 0.00016072506377
23 8 1 0.00182570908823
23 9 0 0.00348930285871
23 9 1 0.00161755802329
23 10 0 0.000456205080162
23 10 1 0.00234654231984
23 11 0 0.000467598782148
23 11 1 0.000126536012852
23 12 0 0.000154681757523
23 12 1 0.00181179799548
23 13 0 2.85330111964e-05
23 13 1 0.000103344840804
23 14 0 0.00133766955667
23 14 1 0.00085157282133
23 15 0 0.00544698646555
23 15 1 0.000149111842453
23 16 0 0.00197082538971
23 16 1 0.000342411863287
23 17 0 3.13920427307e-05
23 17 1 0.000123914901269
23 18 0 0.000443221324731
23 18 1 6.29449672689e-05
23 19 0 0.00484412514823
23 19 1 0.00146423253277
23 20 0 0.000193194421642
23 20 1 0.000163434047358
23 21 0 0.00568085302456
23 21 1 5.70102664403e-05
23 22 0 0.0115406747903
23 22 1 0.00433865677667
23 24 0 0.00113256527456
23 24 1 0.00442818188744
23 25 0 1.88982139199e-05
23 25 1 4.68838030801e-05
23 26 0 7.07480321935e-05
23 26 1 3.67976528065e-05
23 27 0 0.000656612725538
23 27 1 1.26590774622e-05
24 0 0 0.0055325962649
24 0 1 0.0010003262341
24 1 0 0.00924986642208
24 1 1 0.00680949682992
24 2 0 0.00643477463583
24 2 1 0.00240042353517
24 3 0 0.0118240409429
24 3 1 0.00708469211214
24 4 0 0.000180676355165
24 4 1 0.000187756484835
24 5 0 0.00110195201083
24 5 1 0.00419048841217
24 6 0 0.00103262246208
24 6 1 0.00494858523692
24 7 0 7.63397136682e-05
24 7 1 0.00189478382633
24 8 0 0.000938703752098
24 8 1 0.0046993919369
24 9 0 0.0033499954018
24 9 1 0.0111448068992
24 10 0 0.00388495810488
24 10 1 0.00407007932412
24 11 0 0.00077295461893
24 11 1 0.00091337806007
24 12 0 0.00414976612558
24 12 1 0.00143169299442
24 13 0 0.000374216730962
24 13 1 9.21510376157e-08
24 14 0 0.00617574563187
24 14 1 3.79806071304e-05
24 15 0 0.00949151197766
24 15 1 0.00639189281834
24 16 0 0.00641795493793
24 16 1 0.000147705930071
24 17 0 0.000138281332853
24 17 1 0.000302526338147
24 18 0 0.00103827288529
24 18 1 0.00039837880871
24 19 0 0.004867553757
24 19 1 0.013037456687
24 20 0 0.000754402188771
24 20 1 0.000257816328229
24 21 0 0.0134093257682
24 21 1 0.00287645055477
24 22 0 0.0131083925524
24 22 1 0.0319619113106
24 23 0 0.00446150019049
24 23 1 0.00946853405751
24 25 0 9.26727908064e-05
24 25 1 9.40362971936e-05
24 26 0 7.408048123e-05
24 26 1 0.00023116641777
24 27 0 0.000887810880714
24 27 1 0.00101178315429
25 0 0 0.000159217161888
25 0 1 0.000536179108112
25 1 0 0.000571197164415
25 1 1 0.00113824012059
25 2 0 0.000237934471056
25 2 1 0.000702527297944
25 3 0 0.000454150215179
25 3 1 0.00155858794882
25 4 0 1.0198467602e-05
25 4 1 2.9019328398e-05
25 5 0 0.000372754574622
25 5 1 0.000190598707378
25 6 0 0.000149819592811
25 6 1 0.000486849451189
25 7 0 0.000160520132325
25 7 1 4.92959116747e-05
25 8 0 0.000571580312755
25 8 1 2.85662082445e-05
25 9 0 1.16859472879e-05
25 9 1 0.00153121180671
25 10 0 0.000543417809725
25 10 1 0.000303355339275
25 11 0 0.000103636573462
25 11 1 7.58649365378e-05
25 12 0 0.000520508338823
25 12 1 7.36095081772e-05
25 13 0 6.17220229929e-06
25 13 1 3.36710687007e-05
25 14 0 6.74763398948e-05
25 14 1 0.000593943116105
25 15 0 0.000433083761338
25 15 1 0.00125762364366
25 16 0 0.000381182846674
25 16 1 0.000317698255326
25 17 0 6.74562021608e-06
25 17 1 4.01761077839e-05
25 18 0 7.514486522e-05
25 18 1 7.777937778e-05
25 19 0 0.00172512358551
25 19 1 0.000180773427491
25 20 0 0.000107032148561
25 20 1 7.13348438624e-07
25 21 0 0.0015966393231
25 21 1 0.000136898477902
25 22 0 0.000350734929974
25 22 1 0.00444676897303
25 23 0 0.000164804851575
25 23 1 0.00131797622443
25 24 0 0.00157940367688
25 24 1 0.000100623351123
25 26 0 1.51696765618e-05
25 26 1 1.73222984382e-05
25 27 0 0.000128933119284
25 27 1 7.32689747156e-05
26 0 0 0.00236169779529
26 0 1 0.000632140536715
26 1 0 0.00411379095441
26 1 1 0.00324572345759
26 2 0 0.00245107978752
26 2 1 0.00159782098548
26 3 0 0.00383836287321
26 3 1 0.00482693046779
26 4 0 0.000156695583994
26 4 1 1.21459040057e-05
26 5 0 0.0023761158937
26 5 1 4.92474883039e-05
26 6 0 0.00063237719632
26 6 1 0.00210862713768
26 7 0 0.000748098193268
26 7 1 0.000155207365732
26 8 0 0.00210967166766
26 8 1 0.000474094938343
26 9 0 0.00584044036828
26 9 1 0.000802083670724
26 10 0 0.00187188090744
26 10 1 0.00177366914956
26 11 0 0.000697802791193
26 11 1 7.49918368073e-05
26 12 0 0.0006903808431
26 12 1 0.0018674309579
26 13 0 0.000139170300393
26 13 1 3.23639986066e-05
26 14 0 0.00217839322676
26 14 1 0.000669167233241
26 15 0 0.00123345303898
26 15 1 0.00604542500102
26 16 0 0.00293910465484
26 16 1 6.97366691638e-05
26 17 0 1.30464015018e-05
26 17 1 0.000188962256498
26 18 0 0.000629032870619
26 18 1 2.93406083806e-05
26 19 0 0.00401310964843
26 19 1 0.00419220835557
26 20 0 8.67982076352e-06
26 20 1 0.000455188929236
26 21 0 5.33505690022e-05
26 21 1 0.007409922021
26 22 0 0.00273565837602
26 22 1 0.017918681753
26 23 0 0.00194408034432
26 23 1 0.00443962778968
26 24 0 0.00395161780194
26 24 1 0.00328127879506
26 25 0 6.03817428223e-05
26 25 1 2.51813151777e-05
26 27 0 0.000206864659827
26 27 1 0.000663661117173
27 0 0 0.00186256580373
27 0 1 0.000114285488266
27 1 0 0.00467168337318
27 1 1 0.000187852766817
27 2 0 0.00151024287943
27 2 1 0.00116327313357
27 3 0 0.00138779897534
27 3 1 0.00433395164466
27 4 0 9.11829622986e-05
27 4 1 2.03041917014e-05
27 5 0 0.000690316096711
27 5 1 0.000911167418289
27 6 0 2.12846792224e-05
27 6 1 0.00178861864778
27 7 0 2.11935948674e-05
27 7 1 0.000575265052133
27 8 0 0.000667389045751
27 8 1 0.00103868916725
27 9 0 0.00361143234208
27 9 1 0.000774670302916
27 10 0 0.00202212895669
27 10 1 0.000385051906314
27 11 0 6.88920448896e-05
27 11 1 0.00044138937011
27 12 0 0.000930789885107
27 12 1 0.000758150197893
27 13 0 8.43751491702e-05
27 13 1 2.88900848298e-05
27 14 0 0.000850119207584
27 14 1 0.00103014383542
27 15 0 0.000327943201161
27 15 1 0.00447834820784
27 16 0 0.000232706601699
27 16 1 0.0017540512653
27 17 0 0.000120230011095
27 17 1 1.31576439053e-05
27 18 0 0.000199612462577
27 18 1 0.000235115908423
27 19 0 0.00108175112477
27 19 1 0.00433627473223
27 20 0 0.000102331895209
27 20 1 0.000203963714791
27 21 0 0.000496742399959
27 21 1 0.00443130595204
27 22 0 0.00849793846707
27 22 1 0.00514025920193
27 23 0 0.000848883400733
27 23 1 0.00336632138627
27 24 0 0.000619702353685
27 24 1 0.00415622720431
27 25 0 1.97420881756e-05
27 25 1 3.67557658244e-05
27 26 0 2.71598507268e-05
27 26 1 6.52073442732e-05
