s t h tm
0 1 0 0.000396522258744
0 1 1 0.000162623993256
0 2 0 0.00136581095751
0 2 1 0.00666617725649
0 3 0 0.000796993882432
0 3 1 0.00828029105657
0 4 0 0.00121031918287
0 4 1 0.00178112517513
0 5 0 0.00635888330089
0 5 1 0.00219768314111
0 6 0 0.00549241421506
0 6 1 0.0165053924559
0 7 0 0.00594551455316
0 7 1 0.00612732174984
0 8 0 0.000720533958831
0 8 1 0.00183870206817
0 9 0 0.00408229880397
0 9 1 0.00438831404803
0 10 0 0.000164266951229
0 10 1 0.000403796982771
0 11 0 0.00402948820355
0 11 1 0.00540067480645
0 12 0 0.010305280987
0 12 1 0.013799916222
0 13 0 0.00371317498077
0 13 1 0.00625109603423
0 14 0 0.000624270034259
0 14 1 4.47147327405e-05
0 15 0 0.000700064706315
0 15 1 0.00148024693668
0 16 0 0.0196197117651
0 16 1 0.00755354317091
0 17 0 0.000439659852618
0 17 1 0.00109651751538
0 18 0 0.0240854924622
0 18 1 0.000630357507811
0 19 0 0.0262415618257
0 19 1 0.0421586695363
0 20 0 0.00373440461798
0 20 1 0.01740629078
0 21 0 0.014285876118
0 21 1 0.00966704600802
0 22 0 2.17658510712e-05
0 22 1 0.000261590232929
0 23 0 0.000125272925989
0 23 1 0.000337980186011
0 24 0 0.000614161666485
0 24 1 0.00226872707352
0 25 0 0.0175938580124
0 25 1 0.0100106973556
0 26 0 0.0102892661331
0 26 1 0.00770623300786
0 27 0 0.000660397177538
0 27 1 0.00166088417746
0 28 0 0.000149426235492
0 28 1 0.000800574959508
0 29 0 0.00411459164453
0 29 1 0.00813553771847
0 30 0 0.00034169716603
0 30 1 0.00091777188997
1 0 0 0.000100861167125
1 0 1 0.00223642468188
1 2 0 0.000191815891338
1 2 1 0.000462376331662
1 3 0 0.000540731543915
1 3 1 0.000198598377085
1 4 0 1.54111521145e-05
1 4 1 0.000228237067885
1 5 0 0.000429268313522
1 5 1 0.000267649942478
1 6 0 0.00120003828648
1 6 1 0.000591646868518
1 7 0 3.64905012675e-05
1 7 1 0.000946822148732
1 8 0 0.000159811950846
1 8 1 4.86336121538e-05
1 9 0 0.000549294175506
1 9 1 0.000140623302494
1 10 0 2.5381971549e-05
1 10 1 2.0885901451e-05
1 11 0 0.000254319175798
1 11 1 0.000513752083202
1 12 0 0.00182597974335
1 12 1 0.000137348902647
1 13 0 1.4716127921e-05
1 13 1 0.000796857349079
1 14 0 4.20863819053e-05
1 14 1 1.24013260947e-05
1 15 0 9.87954296493e-05
1 15 1 7.87873653507e-05
1 16 0 0.00095707071707
1 16 1 0.00125614618193
1 17 0 0.000112547017228
1 17 1 1.25721017725e-05
1 18 0 0.000582580695268
1 18 1 0.00143048461373
1 19 0 0.000490244467068
1 19 1 0.00508084182093
1 20 0 0.000167583862566
1 20 1 0.00155429098943
1 21 0 0.00024778919715
1 21 1 0.00170313689385
1 22 0 7.94238693468e-06
1 22 1 1.51365000653e-05
1 23 0 3.68977106655e-05
1 23 1 8.33493334501e-07
1 24 0 9.72704749395e-05
1 24 1 0.00013753606906
1 25 0 0.000859220559675
1 25 1 0.00138912505032
1 26 0 0.000663110556383
1 26 1 0.000802593235617
1 27 0 3.52702910403e-05
1 27 1 0.00015379425596
1 28 0 6.7405421865e-05
1 28 1 9.97061213504e-06
1 29 0 0.000227688823565
1 29 1 0.000770064054435
1 30 0 2.69411167322e-05
1 30 1 7.56405652678e-05
2 0 0 0.00397584488566
2 0 1 0.00359698898734
2 1 0 0.00010294847361
2 1 1 4.46066633904e-05
2 3 0 0.00195517047217
2 3 1 0.00044026724083
2 4 0 0.000543097742253
2 4 1 0.000246325381747
2 5 0 0.00101641636376
2 5 1 0.00124160705324
2 6 0 0.00120305126708
2 6 1 0.00460202988392
2 7 0 0.00283678763536
2 7 1 0.000349157014636
2 8 0 0.000590839833992
2 8 1 8.45262630079e-05
2 9 0 0.000400358701969
2 9 1 0.00183498210903
2 10 0 1.93542417074e-05
2 10 1 0.000130554214293
2 11 0 0.000943037029607
2 11 1 0.00154552296039
2 12 0 0.000924539686832
2 12 1 0.00543666841317
2 13 0 0.00186220307348
2 13 1 0.000767304618523
2 14 0 2.57566625722e-05
2 14 1 0.000150784158428
2 15 0 3.94292430649e-05
2 15 1 0.000535941120935
2 16 0 0.00583320513329
2 16 1 0.00133764387071
2 17 0 0.000101821048666
2 17 1 0.000303566380334
2 18 0 0.000794298571499
2 18 1 0.0057280569045
2 19 0 0.0159043885165
2 19 1 0.00214599713248
2 20 0 0.00105054624594
2 20 1 0.00452834869706
2 21 0 0.00366262604552
2 21 1 0.00265839762948
2 22 0 7.95113445727e-06
2 22 1 6.68247325427e-05
2 23 0 0.000111683224781
2 23 1 1.05663222186e-05
2 24 0 3.55328749821e-06
2 24 1 0.000757222699502
2 25 0 0.00550476703852
2 25 1 0.00177989940448
2 26 0 0.000895820858874
2 26 1 0.00385307681213
2 27 0 0.000412337457057
2 27 1 0.000200233915943
2 28 0 4.22498304337e-05
2 28 1 0.000208449437566
2 29 0 0.00154551473625
2 29 1 0.00168721642375
2 30 0 7.8582441182e-05
2 30 1 0.000253783425818
3 0 0 0.000678610336503
3 0 1 0.0015567462645
3 1 0 7.81739763664e-06
3 1 1 3.57380733634e-05
3 2 0 0.000468736556909
3 2 1 0.000156926284091
3 4 0 0.000183416711524
3 4 1 4.96059874762e-05
3 5 0 0.000449643795168
3 5 1 0.000216881792832
3 6 0 8.48772296078e-05
3 6 1 0.00162867237239
3 7 0 0.000598920855812
3 7 1 0.000341509440188
3 8 0 0.000134537314334
3 8 1 6.48179186656e-05
3 9 0 0.000266335364052
3 9 1 0.000393494749948
3 10 0 2.39647434927e-06
3 10 1 4.18536526507e-05
3 11 0 0.000688641528383
3 11 1 4.59340736175e-05
3 12 0 0.0011520650767
3 12 1 0.000725642628297
3 13 0 0.000241896491028
3 13 1 0.000534284192972
3 14 0 4.98725718849e-05
3 14 1 2.23892211508e-06
3 15 0 0.000139439365499
3 15 1 3.03990285009e-05
3 16 0 0.00176900817977
3 16 1 0.000347690129235
3 17 0 5.85621591719e-05
3 17 1 6.11005038281e-05
3 18 0 0.00125488318701
3 18 1 0.000670392159995
3 19 0 0.0038468039896
3 19 1 0.0014813267184
3 20 0 0.000824451295212
3 20 1 0.000822332437788
3 21 0 9.83586644962e-06
3 21 1 0.00185601016055
3 22 0 1.27286954121e-05
3 22 1 9.34371858792e-06
3 23 0 3.49676071514e-05
3 23 1 1.11813484858e-06
3 24 0 7.24790595653e-05
3 24 1 0.000152087549435
3 25 0 0.00192189503628
3 25 1 0.000228400016718
3 26 0 6.92644272472e-06
3 26 1 0.00139485787428
3 27 0 6.97439198633e-05
3 27 1 0.000111075504137
3 28 0 7.18570316975e-05
3 28 1 2.14462630249e-06
3 29 0 0.000144055775955
3 29 1 0.000810185009045
3 30 0 7.90800828912e-05
3 30 1 1.90280031088e-05
4 0 0 0.0292471563495
4 0 1 0.000303264823519
4 1 0 0.000379742859866
4 1 1 0.000196041121134
4 2 0 0.00813803382368
4 2 1 0.000132950968318
4 3 0 0.00249926092398
4 3 1 0.00684812401802
4 5 0 0.00569000999963
4 5 1 0.00312116215737
4 6 0 0.0139512828418
4 6 1 0.00870108162723
4 7 0 0.00111356466037
4 7 1 0.0113185060546
4 8 0 0.000141887706762
4 8 1 0.00249349990824
4 9 0 0.00791978304353
4 9 1 0.000802877922467
4 10 0 9.10294177676e-05
4 10 1 0.000493937596232
4 11 0 0.00876991675953
4 11 1 0.000940846350473
4 12 0 0.0245858012219
4 12 1 0.000236660442112
4 13 0 0.00709321438911
4 13 1 0.00316754942589
4 14 0 0.000655171602473
4 14 1 3.37192035272e-05
4 15 0 0.00148506022102
4 15 1 0.000760127888984
4 16 0 0.0115952368866
4 16 1 0.0163865743844
4 17 0 0.000615722446096
4 17 1 0.000966164790904
4 18 0 0.0236530036072
4 18 1 0.00179828115381
4 19 0 0.00845449542088
4 19 1 0.0619810254371
4 20 0 0.00713982473896
4 20 1 0.014629924603
4 21 0 0.000902459275023
4 21 1 0.023763196271
4 22 0 0.000239182631843
4 22 1 5.26048801567e-05
4 23 0 0.000322297814256
4 23 1 0.000154739669744
4 24 0 0.00253580233817
4 24 1 0.000432868467828
4 25 0 0.00327633340958
4 25 1 0.0251496118934
4 26 0 0.0149531825378
4 26 1 0.00357778336523
4 27 0 0.000725642274495
4 27 1 0.0016647101855
4 28 0 0.000343890550463
4 28 1 0.000634378493537
4 29 0 0.00767726223737
4 29 1 0.00493737699863
4 30 0 0.000936751030051
4 30 1 0.000360194275949
5 0 0 0.000903941974724
5 0 1 0.00731615090428
5 1 0 0.000107622470565
5 1 1 5.25443764349e-05
5 2 0 0.00112389069027
5 2 1 0.00117686376573
5 3 0 0.00130976226855
5 3 1 0.00129041631945
5 4 0 0.000290279827109
5 4 1 0.000566616217891
5 6 0 0.00380992340981
5 6 1 0.00249132484519
5 7 0 0.00229725349778
5 7 1 0.00116099758322
5 8 0 0.000465333412759
5 8 1 0.000267757017241
5 9 0 0.00010501356099
5 9 1 0.00232138445501
5 10 0 0.000158581295391
5 10 1 4.14001260875e-06
5 11 0 0.00229166292378
5 11 1 0.00040959721122
5 12 0 0.00187393288372
5 12 1 0.00503097514328
5 13 0 0.000727402326833
5 13 1 0.00212685247617
5 14 0 0.000139357599551
5 14 1 5.22723734488e-05
5 15 0 0.000318344087862
5 15 1 0.000306203856138
5 16 0 9.58393575626e-05
5 16 1 0.00768791053244
5 17 0 0.000380762128427
5 17 1 5.92742395733e-05
5 18 0 0.00236562087879
5 18 1 0.00471420798021
5 19 0 0.0167847761035
5 19 1 0.00280839720653
5 20 0 0.000124924000862
5 20 1 0.00593080564414
5 21 0 0.00607791654116
5 21 1 0.000783372450839
5 22 0 5.5947997444e-05
5 22 1 2.5219050556e-05
5 23 0 4.03872390105e-05
5 23 1 9.23111209895e-05
5 24 0 0.000201883379527
5 24 1 0.000623917024473
5 25 0 0.000362618399222
5 25 1 0.00754467703978
5 26 0 0.00106645709101
5 26 1 0.00408833444199
5 27 0 6.80957234244e-06
5 27 1 0.000658118995658
5 28 0 0.000151863050452
5 28 1 0.000120263778548
5 29 0 0.0028506962357
5 29 1 0.000658340253303
5 30 0 0.000104403460918
5 30 1 0.000256370107082
6 0 0 0.000307438418431
6 0 1 0.000361970634569
6 1 0 8.94179120596e-06
6 1 1 4.10150879404e-06
6 2 0 5.39587787827e-05
6 2 1 0.000133404780217
6 3 0 0.000184120579504
6 3 1 2.76267944957e-05
6 4 0 6.57766757989e-05
6 4 1 4.00525720107e-06
6 5 0 0.000190454428543
6 5 1 9.14605645742e-06
6 7 0 0.000261779256096
6 7 1 1.98458559043e-05
6 8 0 4.41328916517e-05
6 8 1 1.55668433483e-05
6 9 0 8.34283786547e-05
6 9 1 0.000114167052345
6 10 0 2.59420059453e-06
6 10 1 1.06571234055e-05
6 11 0 0.000200969797581
6 11 1 1.90092234185e-05
6 12 0 0.000182235191883
6 12 1 0.000380070856117
6 13 0 3.76288333965e-05
6 13 1 0.000194809416604
6 14 0 6.09292462664e-06
6 14 1 9.51259737336e-06
6 15 0 1.98648166005e-05
6 15 1 3.09956853995e-05
6 16 0 0.000520584385701
6 16 1 0.000113290768299
6 17 0 3.49050301159e-05
6 17 1 9.29641884068e-07
6 18 0 0.000502499655745
6 18 1 7.4051193255e-05
6 19 0 0.00147748882878
6 19 1 0.000118095038215
6 20 0 0.000450692277433
6 20 1 4.24603305669e-05
6 21 0 7.03790601158e-06
6 21 1 0.000551715994988
6 22 0 2.14060128985e-06
6 22 1 4.46929471015e-06
6 23 0 1.07957034418e-05
6 23 1 1.0680558226e-08
6 24 0 2.19635012382e-05
6 24 1 4.52861357618e-05
6 25 0 9.63583265015e-05
6 25 1 0.000547577846498
6 26 0 0.000347078812769
6 26 1 7.27052662306e-05
6 27 0 1.79755037704e-05
6 27 1 3.61734222296e-05
6 28 0 1.71196408733e-05
6 28 1 5.04119912675e-06
6 29 0 0.000212455190781
6 29 1 7.33056672189e-05
6 30 0 3.32642941384e-06
6 30 1 2.60534205862e-05
7 0 0 0.00208619546929
7 0 1 0.00455674913171
7 1 0 7.26737617829e-06
7 1 1 0.000122169055822
7 2 0 7.94638319599e-05
7 2 1 0.00177985632604
7 3 0 0.000423388317
7 3 1 0.001677906956
7 4 0 0.000377776770332
7 4 1 0.000314710898668
7 5 0 0.00192790849746
7 5 1 5.28459615437e-05
7 6 0 0.00271290599836
7 6 1 0.00237935313964
7 8 0 0.000573792184748
7 8 1 1.86438362519e-05
7 9 0 0.000355093086926
7 9 1 0.00160576402707
7 10 0 2.2388933917e-05
7 10 1 0.000109111847083
7 11 0 0.00089833832502
7 11 1 0.00128464448198
7 12 0 0.00325993986343
7 12 1 0.00232015785257
7 13 0 0.00150764838353
7 13 1 0.000798974767465
7 14 0 0.000131194105903
7 14 1 2.36687780969e-05
7 15 0 0.000258291133754
7 15 1 0.000246427907246
7 16 0 0.00361278843776
7 16 1 0.00267753213124
7 17 0 0.000122510671772
7 17 1 0.000233098110228
7 18 0 0.00291595156888
7 18 1 0.00280550579112
7 19 0 0.00219865195242
7 19 1 0.0136352767856
7 20 0 0.00337743969127
7 20 1 0.00151640726973
7 21 0 0.00517071263443
7 21 1 0.000374135013574
7 22 0 6.53397345427e-06
7 22 1 5.90599575457e-05
7 23 0 3.98933886011e-05
7 23 1 6.73447973989e-05
7 24 0 0.00043183440982
7 24 1 0.00023552378418
7 25 0 0.00164830663962
7 25 1 0.00474185540838
7 26 0 0.00381119011539
7 26 1 0.000354577241614
7 27 0 0.000123002366776
7 27 1 0.000414349668224
7 28 0 4.12309440369e-05
7 28 1 0.000178684265963
7 29 0 0.000620179507614
7 29 1 0.00221559562839
7 30 0 0.000253035181297
7 30 1 3.85185587031e-05
8 0 0 0.00566803582918
8 0 1 0.00239150875482
8 1 0 8.00452526096e-05
8 1 1 7.69933433904e-05
8 2 0 0.000613859834774
8 2 1 0.00164195812123
8 3 0 0.000894319236171
8 3 1 0.00165507473883
8 4 0 0.000518622016348
8 4 1 0.000321537818652
8 5 0 0.00123508305418
8 5 1 0.00116806492182
8 6 0 0.00506940712176
8 6 1 0.00110877018124
8 7 0 0.00263309072282
8 7 1 0.000757616557178
8 9 0 0.00152583910799
8 9 1 0.000853168438007
8 10 0 9.95259623917e-05
8 10 1 6.00172026083e-05
8 11 0 0.00247058603367
8 11 1 0.000177915243326
8 12 0 0.00359141471484
8 12 1 0.00317863215816
8 13 0 0.000156723172955
8 13 1 0.00264178460304
8 14 0 6.79164643641e-05
8 14 1 0.000119970744636
8 15 0 0.000522776185841
8 15 1 8.95735861589e-05
8 16 0 0.00563555696701
8 16 1 0.00199616693199
8 17 0 8.64735917864e-05
8 17 1 0.000344968337214
8 18 0 0.00163397174071
8 18 1 0.00530757955029
8 19 0 0.00947515656498
8 19 1 0.00973533851802
8 20 0 0.000155203337474
8 20 1 0.00578225062853
8 21 0 0.00563767087713
8 21 1 0.00108960889287
8 22 0 6.03496809154e-05
8 22 1 1.92320770846e-05
8 23 0 0.000107431352954
8 23 1 2.26752480461e-05
8 24 0 0.000724595941616
8 24 1 8.50755883836e-05
8 25 0 0.00679503638042
8 25 1 0.000957820073575
8 26 0 0.00464002795546
8 26 1 0.000414084302537
8 27 0 0.000129760601007
8 27 1 0.000522181112993
8 28 0 0.00014675405311
8 28 1 0.00012005781189
8 29 0 0.00243809985779
8 29 1 0.00100240093021
8 30 0 0.000248643859417
8 30 1 0.000105083366583
9 0 0 0.000938723002071
9 0 1 0.0124278874439
9 1 0 0.00011709712074
9 1 1 0.00014334858026
9 2 0 0.00307681334503
9 2 1 0.000664420360971
9 3 0 0.00159153626843
9 3 1 0.00263658801057
9 4 0 0.00114706107564
9 4 1 0.000246328974356
9 5 0 0.00353832125075
9 5 1 0.000447256657251
9 6 0 0.00493783399122
9 6 1 0.00530856249078
9 7 0 0.000472153097223
9 7 1 0.00515127424078
9 8 0 0.000284636822151
9 8 1 0.000907434160849
9 10 0 0.000254698652094
9 10 1 9.90083190583e-06
9 11 0 0.00121656863184
9 11 1 0.00317592333516
9 12 0 0.00064875448252
9 12 1 0.0105792470885
9 13 0 0.00190472584476
9 13 1 0.00273654921524
9 14 0 0.000116043225415
9 14 1 0.000195564347585
9 15 0 0.00084300372315
9 15 1 0.00017256741485
9 16 0 0.00400936869495
9 16 1 0.00864770880105
9 17 0 0.000628015778296
9 17 1 8.75229397035e-05
9 18 0 0.0112970426858
9 18 1 0.000215395893213
9 19 0 0.027306587266
9 19 1 0.00455367500695
9 20 0 0.00645331768011
9 20 1 0.00339384345689
9 21 0 0.000592991542915
9 21 1 0.0105640815541
9 22 0 7.41613093454e-06
9 22 1 0.000124568790065
9 23 0 0.000113683820232
9 23 1 0.000102095649768
9 24 0 0.000550962713232
9 24 1 0.000791863027768
9 25 0 0.00551930687932
9 25 1 0.00733866679168
9 26 0 0.00454645142522
9 26 1 0.00383570329778
9 27 0 0.000260691242571
9 27 1 0.000820542421429
9 28 0 0.000104875865535
9 28 1 0.000337626836465
9 29 0 0.00327760670855
9 29 1 0.00242840227145
9 30 0 0.00056334065008
9 30 1 2.33096239196e-05
10 0 0 0.00609242145044
10 0 1 0.00913036865456
10 1 0 0.000161723256146
10 1 1 0.000134889730854
10 2 0 0.00305405759298
10 2 1 0.00120670961302
10 3 0 0.000668623448287
10 3 1 0.00414664731171
10 4 0 0.00150790036678
10 4 1 7.89854302162e-05
10 5 0 0.00121812267585
10 5 1 0.00332092005215
10 6 0 0.00300623787433
10 6 1 0.00866304384867
10 7 0 0.00371166916438
10 7 1 0.00269266605562
10 8 0 0.00124516260864
10 8 1 0.000112447568364
10 9 0 0.00313276021144
10 9 1 0.00136068630456
10 11 0 0.00183515068878
10 11 1 0.00316731298922
10 12 0 0.00716323730227
10 12 1 0.00562396195973
10 13 0 0.00356870236389
10 13 1 0.00171709214211
10 14 0 7.97809619147e-05
10 14 1 0.000275098587085
10 15 0 0.000667233615923
10 15 1 0.000489366730077
10 16 0 0.00782486485658
10 16 1 0.00658986166342
10 17 0 0.000437327175806
10 17 1 0.000377576180194
10 18 0 0.0104599941709
10 18 1 0.00265114098206
10 19 0 0.0288781207622
10 19 1 0.00740647713678
10 20 0 0.00179182561396
10 20 1 0.00942278019304
10 21 0 0.00753039403499
10 21 1 0.00517602713501
10 22 0 1.74518293129e-06
10 22 1 0.000148568074069
10 23 0 0.000102882654456
10 23 1 0.000142861439544
10 24 0 0.000251211347192
10 24 1 0.00127808843181
10 25 0 0.00855387701967
10 25 1 0.00608964350333
10 26 0 0.00317794717282
10 26 1 0.00636821133218
10 27 0 0.000207636655749
10 27 1 0.00102374456725
10 28 0 0.000212435445465
10 28 1 0.000291516232535
10 29 0 0.00168386416538
10 29 1 0.00481452055162
10 30 0 0.000601127665144
10 30 1 6.69889098565e-05
11 0 0 0.00135829526266
11 0 1 0.000315780936341
11 1 0 1.94470549764e-05
11 1 1 1.31719810236e-05
11 2 0 0.000461915795031
11 2 1 6.64804396944e-06
11 3 0 0.000213355414978
11 3 1 0.000316188126022
11 4 0 2.29925873935e-05
11 4 1 0.000151519950607
11 5 0 0.000497324680717
11 5 1 1.84159228296e-06
11 6 0 0.00081784710744
11 6 1 0.00046544371256
11 7 0 0.000511725704733
11 7 1 0.000192569965267
11 8 0 1.85851903606e-05
11 8 1 0.000130713516639
11 9 0 4.48920267789e-05
11 9 1 0.000449259952221
11 10 0 2.81822760806e-05
11 10 1 4.95699291937e-06
11 12 0 0.000181575828298
11 12 1 0.0012246542907
11 13 0 0.000348652657253
11 13 1 0.000232635182747
11 14 0 3.14857006641e-05
11 14 1 7.54100833593e-06
11 15 0 5.32127511579e-05
11 15 1 7.39805618421e-05
11 16 0 0.000618742496197
11 16 1 0.000966469571803
11 17 0 6.57743118148e-05
11 17 1 2.38420001852e-05
11 18 0 0.000675947608059
11 18 1 0.000765906292941
11 19 0 0.00324688672153
11 19 1 0.000743392413469
11 20 0 0.00119220519853
11 20 1 4.10841344708e-05
11 21 0 0.000272252828569
11 21 1 0.00112509398543
11 22 0 6.38740793527e-06
11 22 1 1.01427970647e-05
11 23 0 1.41428183256e-05
11 23 1 1.28820786744e-05
11 24 0 0.000111753056784
11 24 1 5.64266492164e-05
11 25 0 0.00159054296135
11 25 1 1.98299736509e-05
11 26 0 0.000630883898489
11 26 1 0.000418923438511
11 27 0 0.000111120510135
11 27 1 2.42965838645e-05
11 28 0 8.14539793643e-06
11 28 1 4.72750280636e-05
11 29 0 0.000696170983352
11 29 1 1.84674706483e-05
11 30 0 2.90491564426e-05
11 30 1 4.44247635574e-05
12 0 0 0.0218835872185
12 0 1 0.00399599456051
12 1 0 0.000495946850273
12 1 1 8.31156672691e-06
12 2 0 0.00156651115852
12 2 1 0.00567702781048
12 3 0 0.00364122014053
12 3 1 0.00454500541647
12 4 0 0.00160056697736
12 4 1 0.00109722629664
12 5 0 0.00698545644494
12 5 1 0.000731166242059
12 6 0 0.0155442056865
12 6 1 0.00429421608655
12 7 0 0.00407618035137
12 7 1 0.00681154232763
12 8 0 0.00223675498313
12 8 1 7.12571058708e-05
12 9 0 0.00316993934862
12 9 1 0.00446916726538
12 10 0 0.000321407011527
12 10 1 0.000190893695473
12 11 0 0.00235773087159
12 11 1 0.00614673295841
12 13 0 2.89599822081e-05
12 13 1 0.00895718186379
12 14 0 0.000120571699271
12 14 1 0.000482743083729
12 15 0 0.00179830576981
12 15 1 0.000167978533188
12 16 0 0.0127124032777
12 16 1 0.0117934258913
12 17 0 0.000930998733455
12 17 1 0.000454381863545
12 18 0 0.00304286693909
12 18 1 0.0192467850939
12 19 0 0.0323867761052
12 19 1 0.0292990391858
12 20 0 0.0142648406309
12 20 1 0.00480060703612
12 21 0 0.0192257993008
12 21 1 0.00237581666619
12 22 0 0.000231843689675
12 22 1 2.36971283252e-05
12 23 0 1.16291679063e-05
12 23 1 0.000406149330094
12 24 0 5.61904291318e-05
12 24 1 0.00254370344187
12 25 0 0.0211264614735
12 25 1 0.00376833010448
12 26 0 0.0160727893405
12 26 1 0.000156206000536
12 27 0 0.000859995624881
12 27 1 0.00123342028912
12 28 0 0.00027557135735
12 28 1 0.00058117425665
12 29 0 0.00803417571262
12 29 1 0.00301343629338
12 30 0 0.000410647627057
12 30 1 0.000725187354943
13 0 0 0.00150524221358
13 0 1 0.0123939244614
13 1 0 0.00023954194126
13 1 1 3.12805107399e-05
13 2 0 0.00125215993815
13 2 1 0.00263813304685
13 3 0 0.0030135672192
13 3 1 0.0013830151688
13 4 0 0.000253050520383
13 4 1 0.00119585536562
13 5 0 0.00364612522147
13 5 1 0.000498247195527
13 6 0 0.00723269182774
13 6 1 0.00342194444626
13 7 0 0.00304793429277
13 7 1 0.00279954320923
13 8 0 0.000750595032098
13 8 1 0.000488970775902
13 9 0 0.000696706340773
13 9 1 0.00340603446023
13 10 0 4.77355772579e-05
13 10 1 0.000227406153742
13 11 0 0.000367960240027
13 11 1 0.00419953861897
13 12 0 0.00496944663414
13 12 1 0.00670590411386
13 14 0 0.000174008791117
13 14 1 0.000150013938883
13 15 0 0.000752125960235
13 15 1 0.000303907846765
13 16 0 0.0122837548716
13 16 1 0.000877609443443
13 17 0 2.16951140008e-06
13 17 1 0.0007418778996
13 18 0 0.00469801283887
13 18 1 0.00727310753613
13 19 0 0.016322233606
13 19 1 0.016807414142
13 20 0 0.00920214949134
13 20 1 0.00103734499166
13 21 0 0.0104016174856
13 21 1 0.00119997883644
13 22 0 4.51511999831e-05
13 22 1 9.20923010169e-05
13 23 0 0.000210245058174
13 23 1 1.41315578263e-05
13 24 0 0.000884644727211
13 24 1 0.000511682251789
13 25 0 0.00537806791924
13 25 1 0.00799219673276
13 26 0 0.00206101708584
13 26 1 0.00665510178916
13 27 0 0.000126728067058
13 27 1 0.000997584410942
13 28 0 0.000311835145733
13 28 1 0.000148297873267
13 29 0 0.000884466699926
13 29 1 0.00504888268507
13 30 0 0.000130051774598
13 30 1 0.000479971983402
14 0 0 0.00337609040683
14 0 1 0.00660366907217
14 1 0 9.20583511123e-05
14 1 1 0.000102395243888
14 2 0 0.000928191413549
14 2 1 0.00186508311845
14 3 0 0.00298454450735
14 3 1 0.00017225156465
14 4 0 0.000605930812799
14 4 1 0.000434400064201
14 5 0 9.42732596551e-05
14 5 1 0.00288143318934
14 6 0 0.00430966059981
14 6 1 0.00334048921419
14 7 0 0.00284688521157
14 7 1 0.00135167002543
14 8 0 0.000785949580086
14 8 1 0.000104072743914
14 9 0 0.000682111104683
14 9 1 0.00226370337132
14 10 0 6.87915281265e-05
14 10 1 0.000128763357874
14 11 0 0.00268860751527
14 11 1 0.000590908523732
14 12 0 0.00581791994278
14 12 1 0.00256511445222
14 13 0 0.00256350576658
14 13 1 0.000901756347423
14 15 0 0.000406369915445
14 15 1 0.000351874347555
14 16 0 0.0081127731573
14 16 1 0.0013372358507
14 17 0 0.00025760968413
14 17 1 0.00027662480487
14 18 0 0.00733391419187
14 18 1 0.00126148615313
14 19 0 0.00275473321137
14 19 1 0.0210327300146
14 20 0 0.00504648066372
14 20 1 0.00230559263128
14 21 0 0.000502432852638
14 21 1 0.00782764502736
14 22 0 4.03395513212e-05
14 22 1 5.82028406788e-05
14 23 0 5.46811452999e-05
14 23 1 0.0001064238127
14 24 0 0.00036864831001
14 24 1 0.00063393031499
14 25 0 0.0047050664603
14 25 1 0.0048949353617
14 26 0 0.00258433272846
14 26 1 0.00367393958354
14 27 0 0.000490425146306
14 27 1 0.000316843977694
14 28 0 0.000294932054854
14 28 1 3.54486771464e-05
14 29 0 0.00082422373156
14 29 1 0.00343598849244
14 30 0 0.000251854837589
14 30 1 0.000186149146411
15 0 0 0.00272742260026
15 0 1 0.00412134126774
15 1 0 5.82049980799e-05
15 1 1 7.52417809201e-05
15 2 0 0.000326726093531
15 2 1 0.00159020163747
15 3 0 0.00114456160399
15 3 1 0.00102183839001
15 4 0 0.000650846387165
15 4 1 6.30967228346e-05
15 5 0 0.000753879806347
15 5 1 0.00128824464065
15 6 0 0.00201132000764
15 6 1 0.00323871329636
15 7 0 0.00245915538534
15 7 1 0.00042216790366
15 8 0 0.000234679978309
15 8 1 0.000376111568691
15 9 0 0.000162470473659
15 9 1 0.00185914014634
15 10 0 1.70674157174e-05
15 10 1 0.000118507672283
15 11 0 0.00210464703903
15 11 1 0.000145971424971
15 12 0 0.003737623232
15 12 1 0.002015363419
15 13 0 0.00147472305358
15 13 1 0.000903366519416
15 14 0 1.11822316656e-05
15 14 1 0.000148478790334
15 16 0 0.00557368658631
15 16 1 0.000911527849688
15 17 0 0.000318254351403
15 17 1 4.8372306597e-05
15 18 0 0.00302201246955
15 18 1 0.00287671359045
15 19 0 0.00326192900596
15 19 1 0.013062584524
15 20 0 0.00153007296739
15 20 1 0.00351540072761
15 21 0 0.000591114735928
15 21 1 0.00512552969007
15 22 0 4.87165193865e-05
15 22 1 1.89097176135e-05
15 23 0 6.79147813348e-05
15 23 1 4.26459806652e-05
15 24 0 0.000562201291579
15 24 1 0.000125833753421
15 25 0 0.00189886534167
15 25 1 0.00468928397633
15 26 0 0.00386855131965
15 26 1 0.000426284580347
15 27 0 0.000224794328593
15 27 1 0.000329206559407
15 28 0 0.000197414811874
15 28 1 2.93140611261e-05
15 29 0 0.000700536872077
15 29 1 0.00222309947492
15 30 0 0.000231433194868
15 30 1 6.91537951321e-05
16 0 0 0.00250052788875
16 0 1 5.53173232467e-05
16 1 0 1.9309509582e-05
16 1 1 3.0490617418e-05
16 2 0 0.00037913379199
16 2 1 0.00033623187901
16 3 0 0.000627731800914
16 3 1 0.000180732786086
16 4 0 0.000128053125129
16 4 1 0.000138378615871
16 5 0 0.000664567723405
16 5 1 9.75192885947e-05
16 6 0 0.00128307805111
16 6 1 0.000676147400894
16 7 0 0.000618656642479
16 7 1 0.000456605473521
16 8 0 0.000100304286043
16 8 1 0.000127632999957
16 9 0 0.000262868098639
16 9 1 0.000491563492361
16 10 0 4.85170527413e-05
16 10 1 2.07732425871e-06
16 11 0 0.000811650549471
16 11 1 2.82429755293e-05
16 12 0 0.00179587657837
16 12 1 0.000351042729633
16 13 0 0.000513363359259
16 13 1 0.000374100271741
16 14 0 2.50569017971e-05
16 14 1 3.45259462029e-05
16 15 0 5.98196130018e-05
16 15 1 0.000134368931998
16 17 0 6.95651918131e-05
16 17 1 6.72538031869e-05
16 18 0 0.000620767626832
16 18 1 0.00158053921417
16 19 0 0.0057765739628
16 19 1 0.000315464038202
16 20 0 0.00150132212516
16 20 1 0.000381565068841
16 21 0 0.000855183400771
16 21 1 0.00127817359123
16 22 0 9.53570041008e-06
16 22 1 1.57012905899e-05
16 23 0 4.10006351975e-05
16 23 1 2.58809802452e-07
16 24 0 4.24342007302e-05
16 24 1 0.00021432907927
16 25 0 0.000733772106165
16 25 1 0.00172481607284
16 26 0 0.000381307921394
16 26 1 0.00122145368361
16 27 0 0.000151844278339
16 27 1 5.48996746606e-05
16 28 0 1.78600783224e-05
16 28 1 6.67513806776e-05
16 29 0 0.000915168955592
16 29 1 0.000175883693408
16 30 0 5.70771318636e-05
16 30 1 5.50969531364e-05
17 0 0 0.0030888680963
17 0 1 0.0006002180237
17 1 0 2.86926948855e-05
17 1 1 4.31884021145e-05
17 2 0 0.000891814122087
17 2 1 0.000140738849913
17 3 0 0.000275318739599
17 3 1 0.000891612447401
17 4 0 0.000364817264641
17 4 1 1.97481353594e-05
17 5 0 0.000271534776823
17 5 1 0.000828455396177
17 6 0 0.000775852426576
17 6 1 0.00205207760042
17 7 0 0.00112055094129
17 7 1 0.000431473621707
17 8 0 0.000286992587307
17 8 1 4.2010231693e-05
17 9 0 0.000104322305306
17 9 1 0.000984618096694
17 10 0 2.10376708009e-06
17 10 1 7.09237429199e-05
17 11 0 0.000608100998863
17 11 1 0.000604194460137
17 12 0 0.00148990159623
17 12 1 0.00160894421177
17 13 0 0.000645020343827
17 13 1 0.000635937418173
17 14 0 2.80516697445e-05
17 14 1 5.79497272555e-05
17 15 0 0.000252550902301
17 15 1 2.7739258699e-05
17 16 0 0.000578307303319
17 16 1 0.00291495294368
17 18 0 0.000805729172737
17 18 1 0.00237161915626
17 19 0 0.00683617874488
17 19 1 0.00195701918712
17 20 0 0.00155656778802
17 20 1 0.00116117622198
17 21 0 0.002516565709
17 21 1 0.000562704362
17 22 0 2.72244500889e-05
17 22 1 9.20241691108e-06
17 23 0 3.3111916475e-05
17 23 1 2.6441629525e-05
17 24 0 9.90645730215e-05
17 24 1 0.000271545449978
17 25 0 0.000522333747184
17 25 1 0.00302637236582
17 26 0 0.000693510433571
17 26 1 0.00161990258643
17 27 0 7.60822361951e-05
17 27 1 0.000222330298805
17 28 0 6.28433325588e-05
17 28 1 5.92841574412e-05
17 29 0 0.00060109236476
17 29 1 0.00097372412424
17 30 0 9.39926343993e-06
17 30 1 0.00015251189556
18 0 0 0.00263810942431
18 0 1 0.00268342451269
18 1 0 7.4302007054e-06
18 1 1 9.62588122946e-05
18 2 0 0.000444898757093
18 2 1 0.00104456651991
18 3 0 0.00018196275911
18 3 1 0.00150134408489
18 4 0 0.000154456453035
18 4 1 0.000400281972965
18 5 0 0.00144018350992
18 5 1 0.000146560428082
18 6 0 0.00115406788098
18 6 1 0.00292524204102
18 7 0 0.00189939888876
18 7 1 0.000339407991236
18 8 0 0.000294621654721
18 8 1 0.000179967338279
18 9 0 3.17095331068e-05
18 9 1 0.00153909502789
18 10 0 2.5940776527e-05
18 10 1 7.9401945473e-05
18 11 0 8.27521751442e-05
18 11 1 0.00166599296586
18 12 0 0.00344202562583
18 12 1 0.00102808230817
18 13 0 0.00130397790485
18 13 1 0.000543813114152
18 14 0 9.80857856739e-05
18 14 1 2.59718643261e-05
18 15 0 0.000161747451003
18 15 1 0.000242573172997
18 16 0 0.00427296451944
18 16 1 0.000766089151556
18 17 0 0.000203226316794
18 17 1 8.16449742057e-05
18 19 0 0.00872307704654
18 19 1 0.00396117582546
18 20 0 0.000367673938543
18 20 1 0.00355269184046
18 21 0 0.0044301871499
18 21 1 1.16826391045e-05
18 22 0 2.40879032129e-05
18 22 1 2.84581207871e-05
18 23 0 2.5347895067e-05
18 23 1 6.0558533933e-05
18 24 0 0.000301803371303
18 24 1 0.000232804319697
18 25 0 0.00439724055826
18 25 1 0.00072179418374
18 26 0 0.000885606859384
18 26 1 0.00245150848562
18 27 0 0.000387217261258
18 27 1 4.32450207422e-05
18 28 0 6.46151006952e-05
18 28 1 0.000111554703305
18 29 0 0.00216886682667
18 29 1 0.000102817573334
18 30 0 0.000103367257317
18 30 1 0.000130190782683
19 0 0 0.00253388483397
19 0 1 0.00688897806103
19 1 0 3.10391222759e-05
19 1 1 0.000152563455724
19 2 0 0.000106526943247
19 2 1 0.00253087559175
19 3 0 0.0029333449219
19 3 1 4.72937030951e-05
19 4 0 2.64766999486e-05
19 4 1 0.000955801003051
19 5 0 0.00104235627814
19 5 1 0.00176729799686
19 6 0 0.00617545150414
19 6 1 0.00104780001586
19 7 0 0.000474535029621
19 7 1 0.00348972988438
19 8 0 0.000205072600652
19 8 1 0.000635284158348
19 9 0 0.00140607483183
19 9 1 0.00137535552017
19 10 0 7.61035929511e-05
19 10 1 0.000110427216049
19 11 0 4.40524689765e-05
19 11 1 0.00305245802902
19 12 0 0.00623029416628
19 12 1 0.00168494506472
19 13 0 0.00289919507571
19 13 1 0.000372696382294
19 14 0 0.000140893842911
19 14 1 7.87755680885e-05
19 15 0 0.000468412484819
19 15 1 0.000247519772181
19 16 0 0.00425371875095
19 16 1 0.00466895512905
19 17 0 0.000347941609444
19 17 1 0.000156481202556
19 18 0 0.00267956238696
19 18 1 0.00543619222104
19 20 0 0.00423214849014
19 20 1 0.00270965995686
19 21 0 0.00026117560008
19 21 1 0.00760406222692
19 22 0 8.77227230369e-05
19 22 1 5.32074696305e-06
19 23 0 5.62245935217e-07
19 23 1 0.000151552635065
19 24 0 0.000690201297851
19 24 1 0.000256430827149
19 25 0 0.00111834464553
19 25 1 0.00794595205847
19 26 0 0.00572074959918
19 26 1 0.000188294809824
19 27 0 0.000367863559725
19 27 1 0.000394357843275
19 28 0 3.68094676471e-05
19 28 1 0.000275135158353
19 29 0 0.0018446115297
19 29 1 0.0021778697503
19 30 0 0.000230805381715
19 30 1 0.000182756839285
20 0 0 0.000454654508218
20 0 1 0.0115085661358
20 1 0 0.000129782691979
20 1 1 0.000103318243021
20 2 0 0.000484502384353
20 2 1 0.00286393097465
20 3 0 0.00317683584932
20 3 1 0.000607368370676
20 4 0 0.000320544472846
20 4 1 0.000926550494154
20 5 0 0.00300471778482
20 5 1 0.000562405541175
20 6 0 0.00509559007649
20 6 1 0.00407501472351
20 7 0 0.00277137030819
20 7 1 0.00226164103781
20 8 0 0.000232581714502
20 8 1 0.000834331116498
20 9 0 0.00325563709244
20 9 1 0.000275653278556
20 10 0 0.000207459821399
20 10 1 2.93587816008e-05
20 11 0 0.00383971530073
20 11 1 9.15992832703e-05
20 12 0 0.00728814679984
20 12 1 0.00276100221516
20 13 0 0.000154956489504
20 13 1 0.0039990209035
20 14 0 7.8411715484e-05
20 14 1 0.000200479494516
20 15 0 0.000868329530399
20 15 1 4.06145616006e-05
20 16 0 0.0106304756666
20 16 1 0.000697707451403
20 17 0 0.00023763221913
20 17 1 0.00040278051587
20 18 0 0.00114376684388
20 18 1 0.00915995551212
20 19 0 0.0112866279108
20 19 1 0.0172285554192
20 21 0 0.00768999696715
20 21 1 0.00229567050985
20 22 0 6.45153453195e-05
20 22 1 5.36121886805e-05
20 23 0 0.000180036199762
20 23 1 1.30881092376e-05
20 24 0 0.000487291998849
20 24 1 0.000714547517151
20 25 0 0.00955731119952
20 25 1 0.00195067556348
20 26 0 0.00283357086652
20 26 1 0.00466852301448
20 27 0 0.000603008043009
20 27 1 0.000364704522991
20 28 0 0.000293874682024
20 28 1 0.000102168688976
20 29 0 0.0014386221732
20 29 1 0.0036683003858
20 30 0 0.000512279614664
20 30 1 1.27769583356e-05
21 0 0 0.000489172332502
21 0 1 0.0101944832245
21 1 0 0.00013329145788
21 1 1 7.48774101199e-05
21 2 0 2.88803235502e-05
21 2 1 0.00296141047845
21 3 0 0.000932454009192
21 3 1 0.00244699836781
21 4 0 0.000508464624555
21 4 1 0.000605243253445
21 5 0 0.000192994975234
21 5 1 0.00299259509877
21 6 0 0.00174507616546
21 6 1 0.00644465683854
21 7 0 0.000473751482497
21 7 1 0.0040209378015
21 8 0 0.000367165484983
21 8 1 0.000585632222017
21 9 0 8.87769667486e-05
21 9 1 0.00306481278325
21 10 0 0.000176315686002
21 10 1 3.51732149975e-05
21 11 0 0.00242783029867
21 11 1 0.00108299777533
21 12 0 0.00487239008365
21 12 1 0.00410191958735
21 13 0 0.00256921786303
21 13 1 0.00114045739697
21 14 0 5.76312029327e-05
21 14 1 0.000191430292067
21 15 0 0.000356811346702
21 15 1 0.000454913680298
21 16 0 0.00773578474926
21 16 1 0.00238075578074
21 17 0 0.000231640577137
21 17 1 0.000340274735863
21 18 0 0.00446133501535
21 18 1 0.00474031927865
21 19 0 0.00687276604291
21 19 1 0.0185924833171
21 20 0 0.00450791835472
21 20 1 0.00336271408628
21 22 0 4.55054520362e-05
21 22 1 5.99873689638e-05
21 23 0 0.000156380947181
21 23 1 1.6087124819e-05
21 24 0 0.00100532949427
21 24 1 6.79633757298e-05
21 25 0 0.00614984662378
21 25 1 0.00412726606922
21 26 0 0.00044865611443
21 26 1 0.00625102696957
21 27 0 0.000596476503641
21 27 1 0.000267731224359
21 28 0 0.000247605211904
21 28 1 0.000106078055096
21 29 0 0.00202733848265
21 29 1 0.00253335660135
21 30 0 0.00043675771573
21 30 1 3.21397272698e-05
22 0 0 0.00322654818869
22 0 1 0.00126166145531
22 1 0 8.58983609307e-05
22 1 1 1.55349606925e-06
22 2 0 0.000561104830659
22 2 1 0.000695117999341
22 3 0 0.000433245457164
22 3 1 0.000986464366836
22 4 0 0.000245224713931
22 4 1 0.000222644585069
22 5 0 0.000709481019618
22 5 1 0.000628787143382
22 6 0 0.000741138490749
22 6 1 0.00269937290125
22 7 0 0.000552069867199
22 7 1 0.0013361516018
22 8 0 0.000304588478576
22 8 1 9.56823684241e-05
22 9 0 0.000611798205054
22 9 1 0.000713026603946
22 10 0 7.3964451413e-05
22 10 1 1.4882153587e-05
22 11 0 7.11317033095e-05
22 11 1 0.00140376912469
22 12 0 0.00257835768046
22 12 1 0.00119175480554
22 13 0 0.000247193779182
22 13 1 0.00131124286182
22 14 0 1.8225214319e-05
22 14 1 8.6405658681e-05
22 15 0 0.00024304386859
22 15 1 9.796226741e-05
22 16 0 0.00308066305079
22 16 1 0.00116930125521
22 17 0 0.000111225169854
22 17 1 0.000129036771146
22 18 0 0.00226712202258
22 18 1 0.00159849806642
22 19 0 0.00485996046167
22 19 1 0.00583800496433
22 20 0 0.00316291129362
22 20 1 0.000143545774379
22 21 0 0.000865099423202
22 21 1 0.0028811968638
22 23 0 2.91031879593e-05
22 23 1 4.33507450407e-05
22 24 0 0.000414588388641
22 24 1 3.63025433588e-05
22 25 0 7.75420163992e-05
22 25 1 0.0042398787446
22 26 0 0.00114638435104
22 26 1 0.00166815624096
22 27 0 0.000226872366611
22 27 1 0.000136181780389
22 28 0 9.93838913488e-05
22 28 1 4.91986456512e-05
22 29 0 0.00189303247733
22 29 1 2.29180656689e-05
22 30 0 0.000126616110994
22 30 1 7.03679660058e-05
23 0 0 0.00302521223997
23 0 1 0.00399601246003
23 1 0 6.76187588822e-05
23 1 1 6.91883841178e-05
23 2 0 0.00195436765402
23 2 1 1.08308239813e-05
23 3 0 0.000340443077313
23 3 1 0.00188050970169
23 4 0 0.00057482557558
23 4 1 0.00015709555542
23 5 0 0.000590881312722
23 5 1 0.00150266649928
23 6 0 0.000272322007029
23 6 1 0.00510991400197
23 7 0 0.000661884111136
23 7 1 0.00229199466686
23 8 0 0.000595584215612
23 8 1 3.05878613883e-05
23 9 0 0.000313407335873
23 9 1 0.00175911008313
23 10 0 0.00012216932793
23 10 1 1.68197180702e-05
23 11 0 0.00165524661496
23 11 1 0.000652045366036
23 12 0 0.0020190819893
23 12 1 0.0038787723907
23 13 0 0.000717629046852
23 13 1 0.00172034393215
23 14 0 3.1715321959e-06
23 14 1 0.000160509963804
23 15 0 6.70985331388e-05
23 15 1 0.000466361552861
23 16 0 0.00260603028026
23 16 1 0.00404249033774
23 17 0 0.000285265222362
23 17 1 9.05935746382e-05
23 18 0 0.0011892978387
23 18 1 0.0048579658593
23 19 0 0.00897480595429
23 19 1 0.00776078017871
23 20 0 0.00241147335693
23 20 1 0.00276105196507
23 21 0 0.0021374209165
23 21 1 0.0037231760925
23 22 0 6.59023708953e-05
23 22 1 3.42678310468e-06
23 24 0 1.05024908857e-05
23 24 1 0.000694858176114
23 25 0 0.0047090199155
23 25 1 0.0020450276195
23 26 0 3.56697792947e-05
23 26 1 0.00436731570571
23 27 0 5.05673457049e-05
23 27 1 0.000517384008295
23 28 0 0.000111849613834
23 28 1 0.000120588588166
23 29 0 0.00273933376111
23 29 1 0.00025792357289
23 30 0 2.1478133454e-05
23 30 1 0.000286678029546
24 0 0 0.00320063127149
24 0 1 0.0167277095005
24 1 0 1.25000223523e-05
24 1 1 0.000375799667648
24 2 0 0.00436517689458
24 2 1 0.00121264558342
24 3 0 0.00114590646195
24 3 1 0.00515782340305
24 4 0 0.000529720853207
24 4 1 0.00154769075879
24 5 0 0.00342850889753
24 5 1 0.00251360747147
24 6 0 0.00370797448391
24 6 1 0.0115684249901
24 7 0 0.00363612067271
24 7 1 0.00474787291829
24 8 0 0.00159133431662
24 8 1 0.000185929775384
24 9 0 0.00365009143336
24 9 1 0.00223233437564
24 10 0 0.000203621512517
24 10 1 0.000190871070483
24 11 0 0.000822557539583
24 11 1 0.00572622886442
24 12 0 0.015954311153
24 12 1 0.000785567847985
24 13 0 0.00664850359142
24 13 1 0.000271194665581
24 14 0 8.38972282696e-05
24 14 1 0.00038067993073
24 15 0 0.00108112648017
24 15 1 0.000432993182833
24 16 0 0.0119521426823
24 16 1 0.00691835216367
24 17 0 0.00086202290811
24 17 1 0.00020477704489
24 18 0 0.00519379248195
24 18 1 0.011970154957
24 19 0 0.0372352360847
24 19 1 0.0102653749533
24 20 0 0.00270614917564
24 20 1 0.0119750284924
24 21 0 0.0146067478062
24 21 1 0.00202738360676
24 22 0 0.000163457690847
24 22 1 3.33192331527e-05
24 23 0 0.000207078669429
24 23 1 0.000114627930571
24 25 0 0.00501306728456
24 25 1 0.0141569445904
24 26 0 0.00688030122623
24 26 1 0.00561669166577
24 27 0 0.00126904801772
24 27 1 0.000342968207282
24 28 0 0.000433255620652
24 28 1 0.000226473686348
24 29 0 0.00744231704136
24 29 1 0.00106479789764
24 30 0 0.000353253343115
24 30 1 0.000521386238885
25 0 0 0.000570882490225
25 0 1 0.00155038771277
25 1 0 1.20307647405e-05
25 1 1 2.93017562595e-05
25 2 0 0.00039285538782
25 2 1 0.00020087535718
25 3 0 0.000225833471229
25 3 1 0.000445166411771
25 4 0 2.23274670239e-06
25 4 1 0.000218897120298
25 5 0 0.000573610085367
25 5 1 5.88978856332e-05
25 6 0 0.000957841158647
25 6 1 0.000668253627353
25 7 0 0.000167770707812
25 7 1 0.000724662636188
25 8 0 9.34944962677e-05
25 8 1 9.56861987323e-05
25 9 0 4.40092432025e-05
25 9 1 0.000582144972798
25 10 0 1.10835377486e-05
25 10 1 3.09081852514e-05
25 11 0 0.000206135426568
25 11 1 0.000490949475432
25 12 0 0.000427792483329
25 12 1 0.00135408223167
25 13 0 0.000644381124537
25 13 1 9.21854514633e-05
25 14 0 4.585770579e-05
25 14 1 3.59416221004e-06
25 15 0 0.000150778024501
25 15 1 1.03922884991e-05
25 16 0 0.0013967230837
25 16 1 0.000611944817305
25 17 0 9.62487784611e-06
25 17 1 0.000103930534154
25 18 0 0.00137431417689
25 18 1 0.000452700460112
25 19 0 0.00403405411698
25 19 1 0.00102214358602
25 20 0 0.000990291113199
25 20 1 0.000572445347801
25 21 0 0.00081222242248
25 21 1 0.00095839600152
25 22 0 1.36929220252e-05
25 22 1 7.25297797483e-06
25 23 0 3.26885713735e-05
25 23 1 1.55545462646e-06
25 24 0 8.61355819919e-05
25 24 1 0.000126969771008
25 26 0 0.000955769997074
25 26 1 0.000374471137926
25 27 0 6.5220440438e-05
25 27 1 0.000106370462562
25 28 0 1.72166986644e-05
25 28 1 5.30081203356e-05
25 29 0 4.22771903669e-05
25 29 1 0.000863261792633
25 30 0 8.94931765499e-06
25 30 1 8.4151603345e-05
26 0 0 0.00870748665038
26 0 1 0.000425061684616
26 1 0 9.83704163234e-05
26 1 1 7.95754406766e-05
26 2 0 0.00134235366294
26 2 1 0.00121379157606
26 3 0 0.000206110606144
26 3 1 0.00268269575986
26 4 0 0.000935981678716
26 4 1 1.60324492841e-05
26 5 0 4.56747535158e-05
26 5 1 0.00267741522048
26 6 0 0.00526579603765
26 6 1 0.00173491005135
26 7 0 0.000389669462723
26 7 1 0.00345245806728
26 8 0 0.000273166812439
26 8 1 0.000541298897561
26 9 0 0.000399613943399
26 9 1 0.0022961216746
26 10 0 8.01575633767e-05
26 10 1 0.000100626307623
26 11 0 0.00179072392632
26 11 1 0.00121038434768
26 12 0 0.00426280503406
26 12 1 0.00340856890794
26 13 0 0.00103243922943
26 13 1 0.00213864658857
26 14 0 0.00017354241365
26 14 1 3.93590723497e-05
26 15 0 0.000116045654417
26 15 1 0.000577829022583
26 16 0 0.00575733271797
26 16 1 0.00289043722203
26 17 0 1.66895676569e-06
26 17 1 0.000487212794234
26 18 0 0.00539058003667
26 18 1 0.00247513148433
26 19 0 0.020331894225
26 19 1 0.00143618126203
26 20 0 0.00658985171752
26 20 1 0.000138082444475
26 21 0 0.000415962040524
26 21 1 0.00720695101948
26 22 0 4.1673215128e-05
26 22 1 4.8503623872e-05
26 23 0 3.55927892329e-05
26 23 1 0.000111835494767
26 24 0 5.50019697739e-06
26 24 1 0.000911966578023
26 25 0 0.00629011857634
26 25 1 0.00249491084666
26 27 0 0.00065004725305
26 27 1 8.86904199496e-05
26 28 0 0.000181333701361
26 28 1 0.000121000037639
26 29 0 0.00381877253951
26 29 1 7.9777734489e-05
26 30 0 0.000295823377543
26 30 1 0.000104997159457
27 0 0 0.0015345631621
27 0 1 0.0044957190279
27 1 0 7.24554379831e-05
27 1 1 4.50433910169e-05
27 2 0 0.000365267265517
27 2 1 0.00132257237648
27 3 0 0.00189630946819
27 3 1 1.1188519814e-05
27 4 0 0.000321267578312
27 4 1 0.000307353659688
27 5 0 0.0014019633095
27 5 1 0.0003961110465
27 6 0 0.0025732926854
27 6 1 0.0020493199406
27 7 0 0.00161054221714
27 7 1 0.000926440053858
27 8 0 0.000191529475618
27 8 1 0.000346267630382
27 9 0 0.00057562641234
27 9 1 0.00120438568166
27 10 0 2.38862097924e-05
27 10 1 9.54865782076e-05
27 11 0 0.0013968759236
27 11 1 0.000584775758403
27 12 0 0.00203591771264
27 12 1 0.00302954134136
27 13 0 0.000779537553497
27 13 1 0.0013143514275
27 14 0 7.31130471466e-05
27 14 1 6.74672148534e-05
27 15 0 0.000111282353246
27 15 1 0.000346887694754
27 16 0 0.00497685942616
27 16 1 0.000733320376842
27 17 0 0.000303894245754
27 17 1 1.89176142463e-05
27 18 0 0.00515365320018
27 18 1 4.01282458164e-05
27 19 0 0.00517759640823
27 19 1 0.00919600809877
27 20 0 0.000573590107991
27 20 1 0.00386890940701
27 21 0 0.00124904302988
27 21 1 0.00378441698312
27 22 0 4.60348534767e-06
27 22 1 5.49408786523e-05
27 23 0 4.7139655567e-05
27 23 1 5.0208217433e-05
27 24 0 0.000155740783016
27 24 1 0.000450068608984
27 25 0 0.000716354362196
27 25 1 0.0050844587868
27 26 0 0.00156382779442
27 26 1 0.00221774110458
27 28 0 0.000109652399712
27 28 1 8.99805722875e-05
27 29 0 0.00066652993351
27 29 1 0.00190770864949
27 30 0 5.36230715838e-05
27 30 1 0.000211041385416
28 0 0 0.0026471061171
28 0 1 0.0034381025479
28 1 0 9.0680926611e-05
28 1 1 2.7888133389e-05
28 2 0 0.0014934783697
28 2 1 0.000209734861304
28 3 0 0.000792315763273
28 3 1 0.00113255655973
28 4 0 0.000432917238596
28 4 1 0.000201429759404
28 5 0 0.000691474568562
28 5 1 0.00112297744344
28 6 0 0.000775448980563
28 6 1 0.00388926844344
28 7 0 0.00192568826999
28 7 1 0.000634401957011
28 8 0 0.000513604603659
28 8 1 2.90909963406e-05
28 9 0 0.00120711829151
28 9 1 0.00058910693949
28 10 0 9.96625204044e-05
28 10 1 2.07975675956e-05
28 11 0 0.00127340723568
28 11 1 0.000726294205321
28 12 0 0.00332824798996
28 12 1 0.00178334950304
28 13 0 0.00176365443033
28 13 1 0.000349306616673
28 14 0 0.000128610849347
28 14 1 1.32498796532e-05
28 15 0 0.000160944301071
28 15 1 0.000301398961929
28 16 0 0.00171566609856
28 16 1 0.00404652454544
28 17 0 0.000231812722306
28 17 1 9.39394506944e-05
28 18 0 0.000254511961555
28 18 1 0.00498657674044
28 19 0 0.00312359389205
28 19 1 0.0113809317569
28 20 0 0.00344885239829
28 20 1 0.00103411136571
28 21 0 0.00358565175577
28 21 1 0.00149365523523
28 22 0 5.77933448671e-05
28 22 1 2.29337613293e-06
28 23 0 5.65325047749e-05
28 23 1 4.17020552251e-05
28 24 0 9.29182159752e-05
28 24 1 0.000518409156025
28 25 0 0.00409373959742
28 25 1 0.00175990992058
28 26 0 0.00151815741191
28 26 1 0.00229785568709
28 27 0 0.000139299714618
28 27 1 0.000352936704382
28 29 0 0.00119737356425
28 29 1 0.00140031232075
28 30 0 1.42068586168e-05
28 30 1 0.000252868279383
29 0 0 0.00817004334667
29 0 1 0.00678874063133
29 1 0 0.000206074898909
29 1 1 8.53939820911e-05
29 2 0 0.000896340841889
29 2 1 0.00329053264011
29 3 0 0.00127220875703
29 3 1 0.00345955162297
29 4 0 0.00138576357897
29 4 1 0.000173601141032
29 5 0 0.0031805530735
29 5 1 0.0012797698475
29 6 0 0.00439808038547
29 6 1 0.00706882307153
29 7 0 0.00446728681548
29 7 1 0.00182597916352
29 8 0 0.000775327973852
29 8 1 0.000558737412148
29 9 0 0.00414936799236
29 9 1 0.000266149483642
29 10 0 0.00010636195526
29 10 1 0.00018975548874
29 11 0 0.00366581369819
29 11 1 0.00124989314681
29 12 0 0.00123733525573
29 12 1 0.0113280978953
29 13 0 0.000430266522073
29 13 1 0.00476385739493
29 14 0 0.000237046341916
29 14 1 0.000111678594084
29 15 0 0.000162273057888
29 15 1 0.000974268575112
29 16 0 0.0123873448738
29 16 1 0.00177738962122
29 17 0 0.000405098389227
29 17 1 0.000395672243773
29 18 0 0.00958337221385
29 18 1 0.00330037886615
29 19 0 0.013375528528
29 19 1 0.022279792076
29 20 0 0.00488161448675
29 20 1 0.00613849841625
29 21 0 0.00747696133573
29 21 1 0.00500909464427
29 22 0 0.000141003528308
29 22 1 6.70287269209e-06
29 23 0 0.000183961703271
29 23 1 5.7520494729e-05
29 24 0 0.00149640953722
29 24 1 6.36786878466e-06
29 25 0 0.00416313269973
29 25 1 0.0102264278643
29 26 0 0.00687971241297
29 26 1 0.00250088877103
29 27 0 0.000118823628179
29 27 1 0.00109120197082
29 28 0 0.000339735863139
29 28 1 0.000155475870861
29 30 0 0.000324739628785
29 30 1 0.000331789919215
30 0 0 0.00439014942411
30 0 1 0.00383955550089
30 1 0 6.38023473718e-05
30 1 1 9.65517886282e-05
30 2 0 0.00174051309468
30 2 1 0.000562931715317
30 3 0 0.00115427245731
30 3 1 0.00144894661169
30 4 0 0.000640770359569
30 4 1 0.000217127684431
30 5 0 0.0010439911747
30 5 1 0.0014098942193
30 6 0 0.0022012696451
30 6 1 0.0041073468839
30 7 0 0.00335563564936
30 7 1 0.000106659286636
30 8 0 0.000651680444538
30 8 1 8.22672144619e-05
30 9 0 0.00117655060516
30 9 1 0.00125268468384
30 10 0 9.96556712963e-05
30 10 1 6.32559127037e-05
30 11 0 0.0018490804494
30 11 1 0.000855338364603
30 12 0 0.00630743636166
30 12 1 0.000605545819343
30 13 0 0.00188876386292
30 13 1 0.000968828522082
30 14 0 1.34321904824e-05
30 14 1 0.000178421862518
30 15 0 0.000567857905476
30 15 1 5.74203445236e-05
30 16 0 0.00196925903446
30 16 1 0.00582359267054
30 17 0 0.000177712476247
30 17 1 0.000262838441753
30 18 0 0.00515032378555
30 18 1 0.00193778376845
30 19 0 0.0121665284701
30 19 1 0.00744955583288
30 20 0 0.00251540947536
30 20 1 0.00354740134964
30 21 0 0.00563800749144
30 21 1 0.00123130464956
30 22 0 6.17893087912e-05
30 22 1 1.94726502088e-05
30 23 0 2.00894327339e-05
30 23 1 0.000112764096266
30 24 0 0.000182845368037
30 24 1 0.000643920673963
30 25 0 0.00597315791368
30 25 1 0.00194338380632
30 26 0 0.00473145998757
30 26 1 0.000429359226428
30 27 0 0.000557993400017
30 27 1 0.000107712691983
30 28 0 6.46462012511e-05
30 28 1 0.000207798834749
30 29 0 0.00335953571355
30 29 1 0.000153604016448
