s t h tm
0 1 0 0.00169540350273
0 1 1 0.0326129533613
0 2 0 0.0102933926927
0 2 1 0.0085357197923
0 3 0 0.00151581235301
0 3 1 0.00247563935099
0 4 0 0.0058357764759
0 4 1 0.0073752137341
0 5 0 0.000546497772869
0 5 1 0.000339469654131
0 6 0 8.7948342091e-05
0 6 1 0.0146195814889
0 7 0 0.0305065016065
0 7 1 0.00708859687148
0 8 0 0.000671124255293
0 8 1 0.0148694144437
0 9 0 0.000859563191715
0 9 1 0.000183803015285
0 10 0 0.00145848587757
0 10 1 0.00194198540743
0 11 0 0.018333114615
0 11 1 0.024047007251
0 12 0 0.00164940364796
0 12 1 0.000746458909039
0 13 0 0.00214714525763
0 13 1 0.0364003433014
0 14 0 0.0851363237375
0 14 1 0.0215424730275
0 15 0 0.00792396884196
0 15 1 0.025047614776
0 16 0 0.0147928014135
0 16 1 0.0225648048475
0 17 0 6.77243093807e-05
0 17 1 0.000374205278619
0 18 0 0.000253958887186
0 18 1 0.000468542829814
0 19 0 0.00291911498549
0 19 1 0.00157711398651
0 20 0 0.0396479676643
0 20 1 0.00340482167967
0 21 0 0.00640867726936
0 21 1 0.0216575756856
0 22 0 0.000229726682795
0 22 1 0.00339060466621
0 23 0 0.000660608259676
0 23 1 0.000821038547324
0 24 0 0.0156819919518
0 24 1 0.00342363144518
0 25 0 0.00141055736901
0 25 1 0.000553743639987
0 26 0 0.000104295995478
0 26 1 0.000297884397522
0 27 0 0.00108733192199
0 27 1 0.00362399733101
0 28 0 0.0835603989192
0 28 1 0.00582132162885
0 29 0 0.0471425294566
0 29 1 0.00602215979645
0 30 0 0.000705205015156
0 30 1 0.00440787831084
0 31 0 0.00253096283643
0 31 1 0.0111840776156
0 32 0 0.0109946769768
0 32 1 0.0095227932682
0 33 0 0.0575263236617
0 33 1 0.0026529664123
0 34 0 0.0102514646649
0 34 1 0.0014042350951
0 35 0 0.00365026117625
0 35 1 0.0149126157238
1 0 0 0.000753200391566
1 0 1 0.000333731619434
1 2 0 0.00134828541272
1 2 1 0.000185314814281
1 3 0 0.000150126597532
1 3 1 0.000174970575468
1 4 0 0.000472564864469
1 4 1 0.000603448548531
1 5 0 3.39219252628e-05
1 5 1 3.82386637372e-05
1 6 0 0.000247596488386
1 6 1 0.000950307614614
1 7 0 0.00188288590364
1 7 1 0.00117917300236
1 8 0 0.00101309480924
1 8 1 0.000252656494759
1 9 0 1.71867309078e-05
1 9 1 6.77937300922e-05
1 10 0 0.000153123039425
1 10 1 0.000123839750575
1 11 0 0.00263447085883
1 11 1 0.000817320328169
1 12 0 0.000184669478719
1 12 1 1.0469584281e-05
1 13 0 0.00132448927803
1 13 1 0.00181514023297
1 14 0 0.00481374998048
1 14 1 0.00387506246952
1 15 0 0.000618758399465
1 15 1 0.00206672282953
1 16 0 0.00148269837689
1 16 1 0.00156001717911
1 17 0 3.46635717998e-05
1 17 1 1.33086620015e-06
1 18 0 2.62722137131e-05
1 18 1 3.25743622869e-05
1 19 0 2.96417278259e-05
1 19 1 0.000336568723174
1 20 0 0.000627280265703
1 20 1 0.0028792985803
1 21 0 0.00129011557352
1 21 1 0.000995834544475
1 22 0 0.000209309486616
1 22 1 8.5560544384e-05
1 23 0 9.48527185064e-05
1 23 1 2.58249754936e-05
1 24 0 0.00153267285904
1 24 1 2.34487269644e-05
1 25 0 1.71228199634e-05
1 25 1 0.000142866265037
1 26 0 1.22448997284e-05
1 26 1 2.05120312716e-05
1 27 0 0.000204048152512
1 27 1 0.000179681862488
1 28 0 0.00022374630615
1 28 1 0.00705624774985
1 29 0 0.00037802255546
1 29 1 0.00395215389854
1 30 0 1.57378988725e-05
1 30 1 0.000400714324127
1 31 0 0.000877376872444
1 31 1 0.000239690603556
1 32 0 0.00104637651648
1 32 1 0.000624737672524
1 33 0 0.00137610621267
1 33 1 0.00352539793533
1 34 0 0.00087167678526
1 34 1 7.76607797397e-05
1 35 0 0.00149500388057
1 35 1 1.69118964274e-05
2 0 0 0.00255925371443
2 0 1 0.000962418893568
2 1 0 0.00428624538687
2 1 1 0.00476751159613
2 3 0 0.000148663255549
2 3 1 0.000904655441451
2 4 0 0.00158872146595
2 4 1 0.00189757475505
2 5 0 0.000230953415113
2 5 1 2.84774888671e-06
2 6 0 0.00183556456431
2 6 1 0.00204565893569
2 7 0 0.00692790866003
2 7 1 0.00299319851397
2 8 0 0.00243613179959
2 8 1 0.00166491743841
2 9 0 7.81111985604e-06
2 9 1 0.000267526580144
2 10 0 0.000111331051065
2 10 1 0.000786031674935
2 11 0 0.0105024573864
2 11 1 0.000681386999567
2 12 0 0.000534756194774
2 12 1 9.74966832257e-05
2 13 0 0.00461947955002
2 13 1 0.00555295730298
2 14 0 0.0229371685185
2 14 1 0.00521468687455
2 15 0 0.00382575350297
2 15 1 0.00487523753003
2 16 0 0.00927723227339
2 16 1 0.000581202215611
2 17 0 6.73655308411e-05
2 17 1 4.92568741589e-05
2 18 0 8.59386547341e-05
2 18 1 0.000104724949266
2 19 0 0.000137169217958
2 19 1 0.00104935698704
2 20 0 0.0110936821075
2 20 1 0.000267674944474
2 21 0 0.00581298004892
2 21 1 0.00159352544808
2 22 0 0.000553823638802
2 22 1 0.000401558758198
2 23 0 5.48446787656e-05
2 23 1 0.000336152482234
2 24 0 0.00425037439693
2 24 1 0.000791477999073
2 25 0 0.000136116018721
2 25 1 0.000382250513279
2 26 0 5.52345714189e-05
2 26 1 5.08982745811e-05
2 27 0 0.000758626554397
2 27 1 0.000484663245603
2 28 0 0.0187214827852
2 28 1 0.0048657842998
2 29 0 0.0105542942602
2 29 1 0.00347552880977
2 30 0 0.000218224265588
2 30 1 0.00113108587641
2 31 0 0.00283945053495
2 31 1 0.000779861336048
2 32 0 0.00098870288257
2 32 1 0.00442572690943
2 33 0 0.000274073135545
2 33 1 0.0156068584385
2 34 0 0.0029639757429
2 34 1 0.0001118892281
2 35 0 0.000190617997026
2 35 1 0.00470800705297
3 0 0 0.0010357004564
3 0 1 3.83035060307e-06
3 1 0 0.00237336344519
3 1 1 0.000299133505815
3 2 0 0.000777785624409
3 2 1 0.000688934157591
3 4 0 0.000537113845694
3 4 1 0.000491974524306
3 5 0 5.85208974127e-05
3 5 1 1.04927615873e-05
3 6 0 0.00105016306975
3 6 1 9.5500326248e-05
3 7 0 0.00239216622944
3 7 1 0.000536356009564
3 8 0 0.000778707810819
3 8 1 0.000431843964181
3 9 0 3.45750202022e-05
3 9 1 4.66994347978e-05
3 10 0 0.000165126086109
3 10 1 9.97583318909e-05
3 11 0 0.00285062436633
3 11 1 0.000450633892671
3 12 0 7.77125495965e-06
3 12 1 0.00017885777504
3 13 0 0.000187205989183
3 13 1 0.00281550399282
3 14 0 0.00124055703418
3 14 1 0.00706933551482
3 15 0 0.000512621335769
3 15 1 0.00205574581223
3 16 0 0.00133170265286
3 16 1 0.00157831980114
3 17 0 9.45979167955e-06
3 17 1 2.49649253205e-05
3 18 0 3.53182093909e-05
3 18 1 2.09620616091e-05
3 19 0 1.27991395861e-05
3 19 1 0.000337440840414
3 20 0 0.00158428667023
3 20 1 0.00176936995377
3 21 0 0.00186390065896
3 21 1 0.00032235896704
3 22 0 0.000177654351176
3 22 1 0.000104356370824
3 23 0 6.00720081165e-06
3 23 1 0.000109407728188
3 24 0 0.000787366453661
3 24 1 0.000700892528339
3 25 0 9.45947270022e-05
3 25 1 5.84172189978e-05
3 26 0 2.70251556703e-05
3 26 1 4.30324232971e-06
3 27 0 4.72320978606e-05
3 27 1 0.000319763416139
3 28 0 0.006363863006
3 28 1 0.000598649846999
3 29 0 0.00236938979841
3 29 1 0.00177194726659
3 30 0 0.000145558253175
3 30 1 0.000252732450825
3 31 0 0.000410733449187
3 31 1 0.000657618612813
3 32 0 0.00159442077332
3 32 1 3.81597368215e-06
3 33 0 0.00223273743004
3 33 1 0.00245501167596
3 34 0 0.000687526684565
3 34 1 0.000220410183435
3 35 0 0.00141749322111
3 35 1 2.84877718857e-05
4 0 0 0.00923558769889
4 0 1 0.00450654774611
4 1 0 0.0163329992741
4 1 1 0.0189962231179
4 2 0 0.0183614561744
4 2 1 0.0010279277326
4 3 0 0.002102695603
4 3 1 0.002007524116
4 5 0 0.000536861201831
4 5 1 0.000375468712169
4 6 0 0.000985827852371
4 6 1 0.0141593332616
4 7 0 0.0189462179175
4 7 1 0.0197675450375
4 8 0 0.00888872961333
4 8 1 0.00711422704167
4 9 0 0.000912085222269
4 9 1 0.000162326965731
4 10 0 0.00229994259931
4 10 1 0.00120171172769
4 11 0 0.0106468716847
4 11 1 0.0329942958703
4 12 0 0.00134983196064
4 12 1 0.00111732090936
4 13 0 0.0254925227328
4 13 1 0.0142019692352
4 14 0 0.0148106162705
4 14 1 0.0950424714315
4 15 0 0.03138856208
4 15 1 0.00256411058499
4 16 0 0.0305028593699
4 16 1 0.00796634464607
4 17 0 0.000405752316278
4 17 1 4.93271497218e-05
4 18 0 0.000640403320341
4 18 1 0.000103596864659
4 19 0 0.00355253682959
4 19 1 0.00107748010541
4 20 0 0.00711279846649
4 20 1 0.0372210521865
4 21 0 0.0193613821011
4 21 1 0.0095399988749
4 22 0 0.00315245426407
4 22 1 0.000575602193933
4 23 0 0.00116377183408
4 23 1 0.000361962252918
4 24 0 0.0075744831459
4 24 1 0.0120996394191
4 25 0 0.00143708179609
4 25 1 0.00058566815591
4 26 0 0.00032824272756
4 26 1 8.59047824401e-05
4 27 0 0.00182349361386
4 27 1 0.00302802403814
4 28 0 0.0486117167029
4 28 1 0.0434296100091
4 29 0 0.0117452465237
4 29 1 0.0430013896243
4 30 0 0.00443312373432
4 30 1 0.000832102421683
4 31 0 0.0107834142406
4 31 1 0.0033397253834
4 32 0 0.00416218713101
4 32 1 0.016965792623
4 33 0 0.000842661709691
4 33 1 0.0611272988713
4 34 0 0.00763417493618
4 34 1 0.00436834709082
4 35 0 0.00870919971731
4 35 1 0.0104060266067
5 0 0 0.00381617569134
5 0 1 6.49840966098e-06
5 1 0 0.00416702459221
5 1 1 0.00566056763379
5 2 0 0.00372569959057
5 2 1 0.00166787959543
5 3 0 0.000548506165637
5 3 1 0.000594840917363
5 4 0 0.00254810753392
5 4 1 0.00123616651908
5 6 0 0.00316362042629
5 6 1 0.00104933580471
5 7 0 0.0100174673446
5 7 1 0.000751608511392
5 8 0 0.00186156142194
5 8 1 0.00259000931106
5 9 0 0.000164434686607
5 9 1 0.000134436450393
5 10 0 0.000119459831325
5 10 1 0.000854601540675
5 11 0 0.00936349501311
5 11 1 0.00277624568789
5 12 0 0.000643373481105
5 12 1 4.29187928954e-05
5 13 0 0.00229952518183
5 13 1 0.00874236179617
5 14 0 0.0010239492853
5 14 1 0.0295340782507
5 15 0 0.00802330613851
5 15 1 0.00142136881749
5 16 0 0.0106832659859
5 16 1 1.77804771187e-05
5 17 0 3.68388281486e-05
5 17 1 8.97514308514e-05
5 18 0 0.00013896743234
5 18 1 6.79924136604e-05
5 19 0 0.000419229095306
5 19 1 0.000868710897694
5 20 0 0.00849326400838
5 20 1 0.00383916157362
5 21 0 0.0060188746811
5 21 1 0.0020206735389
5 22 0 0.000337554291226
5 22 1 0.000699485761774
5 23 0 6.46594059697e-05
5 23 1 0.00035975674103
5 24 0 0.00445482060628
5 24 1 0.00101796483572
5 25 0 0.000333923624101
5 25 1 0.000228748304899
5 26 0 3.91216019138e-05
5 26 1 7.60825430862e-05
5 27 0 0.000958915769998
5 27 1 0.000390639469002
5 28 0 0.0150854919508
5 28 1 0.0105178065542
5 29 0 0.00107336838411
5 29 1 0.0141556001409
5 30 0 8.07373565235e-05
5 30 1 0.00138389990748
5 31 0 0.002066796229
5 31 1 0.001861862478
5 32 0 0.00433376766637
5 32 1 0.00154343979863
5 33 0 0.00804465999562
5 33 1 0.00919363345138
5 34 0 0.00229952737006
5 34 1 0.00103923539294
5 35 0 0.00419281876543
5 35 1 0.00112449752157
6 0 0 0.000183704636929
6 0 1 0.000127597521071
6 1 0 0.000377023226012
6 1 1 0.000423293667988
6 2 0 0.000417354596722
6 2 1 2.18753222781e-05
6 3 0 2.81399273649e-05
6 3 1 6.49693476351e-05
6 4 0 0.000201756076913
6 4 1 0.000106418946087
6 5 0 8.99150159605e-06
6 5 1 1.16756114039e-05
6 7 0 0.000257869407566
6 7 1 0.000619117868434
6 8 0 0.000247428986386
6 8 1 0.000115087811614
6 9 0 1.32976680976e-05
6 9 1 1.10411139024e-05
6 10 0 3.48474884132e-06
6 10 1 7.58386251587e-05
6 11 0 2.98806486575e-05
6 11 1 0.000958727684342
6 12 0 1.11239227453e-05
6 12 1 4.47647722547e-05
6 13 0 0.000475665014361
6 13 1 0.000423538827639
6 14 0 0.00121844916281
6 14 1 0.00127006533019
6 15 0 1.05568678753e-05
6 15 1 0.000758576888125
6 16 0 0.000679299080911
6 16 1 0.000192148174089
6 17 0 6.30726237091e-06
6 17 1 4.00170462909e-06
6 18 0 1.30022634541e-05
6 18 1 3.85165754591e-06
6 19 0 3.79209789152e-05
6 19 1 6.69633210848e-05
6 20 0 0.000907191682847
6 20 1 9.71080791534e-05
6 21 0 0.000421269503093
6 21 1 0.000233436767907
6 22 0 2.7493591836e-05
6 22 1 5.6958495164e-05
6 23 0 4.20342982019e-06
6 23 1 3.03591981798e-05
6 24 0 5.49352348509e-05
6 24 1 0.000390744902149
6 25 0 3.30109875963e-05
6 25 1 1.28105974037e-05
6 26 0 3.27597040498e-06
6 26 1 6.10576059502e-06
6 27 0 2.57966227877e-05
6 27 1 8.41053582123e-05
6 28 0 0.00111342101465
6 28 1 0.000971601630353
6 29 0 0.000376202672918
6 29 1 0.000863979104082
6 30 0 8.10227469045e-05
6 30 1 3.82510200955e-05
6 31 0 0.000209828665079
6 31 1 0.000110104423921
6 32 0 6.0276068466e-05
6 32 1 0.000418338460534
6 33 0 0.000849911500715
6 33 1 0.000553901066285
6 34 0 6.81318559745e-05
6 34 1 0.000203762641025
6 35 0 0.000418524896569
6 35 1 1.44945004312e-05
7 0 0 0.00209484296677
7 0 1 0.000994393695229
7 1 0 0.00682569106738
7 1 1 0.00111632998862
7 2 0 0.000102353348159
7 2 1 0.00425638666384
7 3 0 0.000355639590867
7 3 1 0.000568339182133
7 4 0 0.00179255958487
7 4 1 0.00126564465513
7 5 0 0.000203072638509
7 5 1 2.01943249051e-06
7 6 0 0.000869448998248
7 6 1 0.00253518830475
7 8 0 0.000978296039769
7 8 1 0.00261917398923
7 9 0 1.57610366847e-05
7 9 1 0.000225767184315
7 10 0 0.000777824915504
7 10 1 9.34815249609e-06
7 11 0 0.00634354858806
7 11 1 0.00346700053094
7 12 0 0.00054298703908
7 12 1 1.16297539204e-05
7 13 0 0.00208304337424
7 13 1 0.00684029174776
7 14 0 0.00304990930958
7 14 1 0.0216451016894
7 15 0 0.00736844035212
7 15 1 0.000264131862881
7 16 0 0.00771233254382
7 16 1 0.000935557435183
7 17 0 6.35793531485e-05
7 17 1 3.87226638515e-05
7 18 0 4.65553685389e-05
7 18 1 0.000120696122461
7 19 0 0.00101476005061
7 19 1 2.60693103923e-05
7 20 0 0.00159094101458
7 20 1 0.00837532349742
7 21 0 0.00614300981621
7 21 1 0.000354030330792
7 22 0 0.000834368615321
7 22 1 3.69972767873e-06
7 23 0 0.00011527683339
7 23 1 0.00022770870161
7 24 0 0.00224660090965
7 24 1 0.00217614844835
7 25 0 7.44465286506e-05
7 25 1 0.000380268339349
7 26 0 2.22947607125e-05
7 26 1 7.08057382875e-05
7 27 0 0.000270817794758
7 27 1 0.000819805002242
7 28 0 0.00325392425065
7 28 1 0.0174369968974
7 29 0 0.00874389308178
7 29 1 0.00356316910522
7 30 0 0.000490673346218
7 30 1 0.000692951261782
7 31 0 0.00255833867069
7 31 1 0.000616547858306
7 32 0 0.00415708025073
7 32 1 0.000592496691271
7 33 0 0.0072323017241
7 33 1 0.0066985662209
7 34 0 0.00233275475456
7 34 1 0.000365416227445
7 35 0 0.00306788898224
7 35 1 0.00122922031376
8 0 0 0.000298637558695
8 0 1 0.00344937512231
8 1 0 0.00400231538637
8 1 1 0.00563333215063
8 2 0 0.000467015763438
8 2 1 0.00482122033756
8 3 0 1.48067034171e-05
8 3 1 0.00110620943658
8 4 0 0.00106733032261
8 4 1 0.00264303230939
8 5 0 9.04569929302e-05
8 5 1 0.00015837071607
8 6 0 0.000575420880389
8 6 1 0.00355525125161
8 7 0 0.00444673518336
8 7 1 0.00611200767564
8 9 0 0.000119838918475
8 9 1 0.000173194905525
8 10 0 0.000169042171497
8 10 1 0.000785994611503
8 11 0 0.00831951203853
8 11 1 0.00358312493347
8 12 0 0.000311777591636
8 12 1 0.000361110569364
8 13 0 0.00145036817322
8 13 1 0.00937585747978
8 14 0 0.000410651609991
8 14 1 0.029550540917
8 15 0 0.000308606060433
8 15 1 0.00895160304057
8 16 0 0.00420184849367
8 16 1 0.00629019366933
8 17 0 2.7482060314e-05
8 17 1 9.6635738686e-05
8 18 0 9.16901394011e-05
8 18 1 0.000111227532599
8 19 0 0.00036465521826
8 19 1 0.00089812975874
8 20 0 0.00577330092155
8 20 1 0.00631825756545
8 21 0 0.00331501498256
8 21 1 0.00456751119644
8 22 0 0.000659590277919
8 22 1 0.000357195136081
8 23 0 0.000109876030242
8 23 1 0.000306250759758
8 24 0 0.0013988830776
8 24 1 0.0039670122864
8 25 0 0.000519757800047
8 25 1 3.19244699531e-05
8 26 0 1.1523006228e-05
8 26 1 0.000101431062772
8 27 0 0.000924188631544
8 27 1 0.000399008171456
8 28 0 0.013812574993
8 28 1 0.011290660317
8 29 0 0.00445804964883
8 29 1 0.0104734788152
8 30 0 0.000412390765999
8 30 1 0.001023640372
8 31 0 0.00277364044506
8 31 1 0.00107828683494
8 32 0 0.00354599683653
8 32 1 0.00221642170247
8 33 0 0.00554192509647
8 33 1 0.0113596837585
8 34 0 0.00159391857775
8 34 1 0.00167963413525
8 35 0 0.00204178670204
8 35 1 0.00317167600596
9 0 0 0.00532297220308
9 0 1 0.000893039747917
9 1 0 0.0113526449482
9 1 1 0.00462790403683
9 2 0 0.00437977986557
9 2 1 0.00439066506143
9 3 0 0.0017159059228
9 3 1 0.0001432792822
9 4 0 0.00593579635563
9 4 1 0.000217773663374
9 5 0 0.000268904715895
9 5 1 0.000143771587105
9 6 0 0.0029062821546
9 6 1 0.0039443636474
9 7 0 0.0164395519276
9 7 1 0.00107193412838
9 8 0 0.00443426568053
9 8 1 0.00280438876447
9 10 0 0.00152300555597
9 10 1 6.09058550252e-05
9 11 0 0.0142868414648
9 11 1 0.00545346892517
9 12 0 0.000892121169414
9 12 1 0.000223851801586
9 13 0 0.0166814128309
9 13 1 0.0012736886501
9 14 0 0.00797135372775
9 14 1 0.0417187478442
9 15 0 0.0127150289607
9 15 1 0.00264286209732
9 16 0 0.010467914223
9 16 1 0.00693294992104
9 17 0 9.71311755573e-05
9 17 1 0.000108715973443
9 18 0 9.06477490182e-05
9 18 1 0.000245887577982
9 19 0 0.00170771426905
9 19 1 0.000386592013946
9 20 0 0.0120020005734
9 20 1 0.00805163276665
9 21 0 0.000241701895538
9 21 1 0.0128313266945
9 22 0 0.00109053587475
9 22 1 0.000595784536247
9 23 0 0.000620195530459
9 23 1 6.99433025409e-05
9 24 0 0.00580374634741
9 24 1 0.00309549507659
9 25 0 0.000299380725478
9 25 1 0.000615574444522
9 26 0 6.59664141804e-05
9 26 1 0.00012136588782
9 27 0 0.00218492718937
9 27 1 9.57102562905e-06
9 28 0 0.00507122862979
9 28 1 0.0365620378432
9 29 0 0.0107132079137
9 29 1 0.0140504648043
9 30 0 0.001270538789
9 30 1 0.001111093152
9 31 0 0.00261864945946
9 31 1 0.00376970299454
9 32 0 0.00795398400531
9 32 1 0.00160288400769
9 33 0 0.0267356048913
9 33 1 0.00129541089567
9 34 0 0.00344388904639
9 34 1 0.00198523953861
9 35 0 0.00365709403552
9 35 1 0.00498934055748
10 0 0 0.00535632333083
10 0 1 0.00172288688617
10 1 0 0.0120943815139
10 1 1 0.00610533665307
10 2 0 0.00302382118252
10 2 1 0.00696454817948
10 3 0 0.00201493442967
10 3 1 0.000102430047327
10 4 0 0.00633968682237
10 4 1 0.000668410344627
10 5 0 0.000353125633557
10 5 1 0.000116857745443
10 6 0 0.00766440675961
10 6 1 0.000137566938394
10 7 0 0.0127098455774
10 7 1 0.00723340613461
10 8 0 0.00749367420561
10 8 1 0.00075018969039
10 9 0 0.000534604120874
10 9 1 1.88753411261e-05
10 11 0 0.0184190971045
10 11 1 0.00406248885155
10 12 0 0.000303717956717
10 12 1 0.000967226713283
10 13 0 0.00753110653934
10 13 1 0.0129173640947
10 14 0 0.0470616437904
10 14 1 0.00952876778861
10 15 0 0.0141370807912
10 15 1 0.00335351287785
10 16 0 0.00782618975343
10 16 1 0.0119910783266
10 17 0 8.59936968183e-05
10 17 1 0.000148438806182
10 18 0 0.000361570815399
10 18 1 2.16981266014e-05
10 19 0 0.00175234514437
10 19 1 0.000632790944634
10 20 0 0.00670299994338
10 20 1 0.0161354191476
10 21 0 0.00144551739071
10 21 1 0.0134429220593
10 22 0 0.00148618583917
10 22 1 0.000434308647831
10 23 0 0.000287998635736
10 23 1 0.000497977632264
10 24 0 0.00184434542167
10 24 1 0.00829070600633
10 25 0 7.30050627075e-05
10 25 1 0.000969007089292
10 26 0 7.02045964132e-05
10 26 1 0.000143141960587
10 27 0 0.00246774994452
10 27 1 3.14914194763e-05
10 28 0 0.00277437417024
10 28 1 0.0446403746538
10 29 0 0.00317850834696
10 29 1 0.025024018655
10 30 0 0.00270408429253
10 30 1 8.27747546675e-06
10 31 0 0.00151542279352
10 31 1 0.00576006031548
10 32 0 0.0106657433888
10 32 1 0.000218257190213
10 33 0 0.0165275573377
10 33 1 0.0153960385133
10 34 0 0.00395490977961
10 34 1 0.00222814502339
10 35 0 0.00829408280092
10 35 1 0.00155305529708
11 0 0 0.000509833689811
11 0 1 0.000268679135189
11 1 0 0.00140822840144
11 1 1 0.000593225655561
11 2 0 0.000176195237401
11 2 1 0.000922242782599
11 3 0 5.6881284736e-05
11 3 1 0.000175968899264
11 4 0 0.000377083731852
11 4 1 0.000393608670148
11 5 0 2.62132122604e-05
11 5 1 2.54716617396e-05
11 6 0 0.000274713770383
11 6 1 0.000583282587617
11 7 0 0.000120706328092
11 7 1 0.00207248708691
11 8 0 0.00074054844633
11 8 1 0.00016604333067
11 9 0 4.49455308358e-06
11 9 1 5.63725279164e-05
11 10 0 0.000149998018201
11 10 1 4.83760127989e-05
11 12 0 4.25685830578e-05
11 12 1 9.71993709422e-05
11 13 0 0.0002645398309
11 13 1 0.0019842133711
11 14 0 0.00374461168337
11 14 1 0.00247873242563
11 15 0 0.000444562305803
11 15 1 0.0014789081202
11 16 0 0.000520578131561
11 16 1 0.00165876064844
11 17 0 1.68779076926e-05
11 17 1 8.90303430742e-06
11 18 0 4.16775699484e-05
11 18 1 4.71169051579e-07
11 19 0 9.04351898085e-06
11 19 1 0.000253253966019
11 20 0 0.00108224481777
11 20 1 0.00142933509323
11 21 0 0.00109193005756
11 21 1 0.000545377029444
11 22 0 0.000200703782605
11 22 1 1.04962723946e-05
11 23 0 2.14690936345e-05
11 23 1 6.49660573655e-05
11 24 0 0.000342580164167
11 24 1 0.000771988732833
11 25 0 6.41374723367e-05
11 25 1 5.04543816633e-05
11 26 0 2.91072371254e-06
11 26 1 2.05513612875e-05
11 27 0 1.96436393505e-06
11 27 1 0.000272881473065
11 28 0 0.00520054754552
11 28 1 1.37332754771e-05
11 29 0 0.000226920326777
11 29 1 0.00287455968322
11 30 0 7.69942503407e-05
11 30 1 0.000221288800659
11 31 0 0.000270839281189
11 31 1 0.000529258008811
11 32 0 0.000252865684919
11 32 1 0.000944066428081
11 33 0 0.00195319937948
11 33 1 0.00155749292052
11 34 0 0.000573611356115
11 34 1 0.000106349728885
11 35 0 0.000904498130249
11 35 1 0.000178408446751
12 0 0 0.00751257395312
12 0 1 0.00452247339788
12 1 0 0.0210707601421
12 1 1 0.00986976333691
12 2 0 0.0105951358053
12 2 1 0.00638564235475
12 3 0 0.00312764127602
12 3 1 0.000471994976985
12 4 0 0.00750839097598
12 4 1 0.00440576027302
12 5 0 0.000728477326416
12 5 1 7.05203075845e-05
12 6 0 0.00209535765594
12 6 1 0.0111684274291
12 7 0 0.00973083270753
12 7 1 0.0241737938475
12 8 0 0.0119565823247
12 8 1 0.00205844044132
12 9 0 0.000492994804775
12 9 1 0.000447950771225
12 10 0 0.00176000877391
12 10 1 0.00130665985309
12 11 0 0.00577828768122
12 11 1 0.0324416469208
12 13 0 0.0326697769018
12 13 1 0.00209374965123
12 14 0 0.0138856362078
12 14 1 0.0823211809572
12 15 0 0.0147604157294
12 15 1 0.0149745570386
12 16 0 0.0293457696109
12 16 1 0.00434467782806
12 17 0 0.000254474657627
12 17 1 0.000144073511373
12 18 0 0.000264693836071
12 18 1 0.000386884478929
12 19 0 0.00350883684312
12 19 1 0.00054602590188
12 20 0 0.032119624038
12 20 1 0.00670694655103
12 21 0 0.0237688422082
12 21 1 0.00154232503779
12 22 0 0.000426686887281
12 22 1 0.00283825953772
12 23 0 9.20942966429e-05
12 23 1 0.00124410865836
12 24 0 0.0161872492609
12 24 1 0.00104289649211
12 25 0 0.00108249071465
12 25 1 0.000688987346349
12 26 0 0.000257380313643
12 26 1 0.000105320586357
12 27 0 0.000315660958232
12 27 1 0.00393318703977
12 28 0 0.00941271379765
12 28 1 0.0711949712104
12 29 0 0.00154621107699
12 29 1 0.046399638462
12 30 0 0.00226129644263
12 30 1 0.00234986798337
12 31 0 0.00397644998033
12 31 1 0.00839227210067
12 32 0 0.0173686360381
12 32 1 0.00113476452891
12 33 0 0.00608749909044
12 33 1 0.0481843724796
12 34 0 0.00464386457331
12 34 1 0.00586766920669
12 35 0 0.00546072247546
12 35 1 0.0112799547555
13 0 0 0.000317345458328
13 0 1 0.00614632657867
13 1 0 0.00245598333767
13 1 1 0.0141612671463
13 2 0 0.00462779984061
13 2 1 0.00449207960439
13 3 0 5.64402279573e-05
13 3 1 0.00187681915304
13 4 0 0.00171991512396
13 4 1 0.00467882715104
13 5 0 0.000185559715458
13 5 1 0.000243558551542
13 6 0 0.00617452013518
13 6 1 0.000949071011818
13 7 0 0.0128943880554
13 7 1 0.0053147955226
13 8 0 0.005332573904
13 8 1 0.002194485035
13 9 0 5.54392379248e-05
13 9 1 0.000449915119075
13 10 0 0.000829108751129
13 10 1 0.000817909300871
13 11 0 0.0116507648651
13 11 1 0.00887604448892
13 12 0 0.000806244046506
13 12 1 0.000354191831494
13 14 0 0.0328213077064
13 14 1 0.0188485607806
13 15 0 0.00655956245646
13 15 1 0.00941022198954
13 16 0 0.000187524704102
13 16 1 0.0179066295329
13 17 0 2.6972091733e-05
13 17 1 0.000187076476267
13 18 0 0.000242641128083
13 18 1 0.000107302532917
13 19 0 0.000249328690942
13 19 1 0.00192841952806
13 20 0 0.0120289551231
13 20 1 0.00882366068185
13 21 0 0.00204257879887
13 21 1 0.0115513090501
13 22 0 0.000956577011548
13 22 1 0.000796930249452
13 23 0 0.000278884931441
13 23 1 0.000438750605559
13 24 0 0.00798175602938
13 24 1 0.00127205145862
13 25 0 9.21195349434e-05
13 25 1 0.000859289535057
13 26 0 3.50857453405e-07
13 26 1 0.000194445190547
13 27 0 0.000122356256419
13 27 1 0.00215957577058
13 28 0 0.000399049665678
13 28 1 0.0428929810463
13 29 0 0.00205687994625
13 29 1 0.0236934339418
13 30 0 0.00204667000062
13 30 1 0.000429851586381
13 31 0 0.00115868488213
13 31 1 0.00548419409587
13 32 0 0.00063495110852
13 32 1 0.00930268431148
13 33 0 0.0132415198165
13 33 1 0.0159063155365
13 34 0 0.00348467461258
13 34 1 0.00216076283142
13 35 0 0.00140849243475
13 35 1 0.00758243582125
14 0 0 0.00259113366226
14 0 1 0.00204985624674
14 1 0 0.00775101610235
14 1 1 0.00418035841165
14 2 0 0.00481900293351
14 2 1 0.00172917405249
14 3 0 0.00117342625792
14 3 1 0.000214675927081
14 4 0 0.00392389532651
14 4 1 0.000670474276491
14 5 0 0.000116783318452
14 5 1 0.000191328469548
14 6 0 0.00197832223446
14 6 1 0.00313649708754
14 7 0 0.00495051162132
14 7 1 0.00812388892868
14 8 0 0.000519758661634
14 8 1 0.00488475511637
14 9 0 1.98964231297e-06
14 9 1 0.000360860523687
14 10 0 0.00061502852435
14 10 1 0.00056754913665
14 11 0 0.00202503340032
14 11 1 0.0127134487707
14 12 0 0.000495590362116
14 12 1 0.000337615773884
14 13 0 0.00656101141374
14 13 1 0.00684460064726
14 15 0 0.00110869154318
14 15 1 0.0103577950048
14 16 0 0.00685214621965
14 16 1 0.00613966195735
14 17 0 0.000102958087487
14 17 1 5.07312145133e-05
14 18 0 6.92625949203e-05
14 18 1 0.00018200092708
14 19 0 0.000930826642957
14 19 1 0.000632821304043
14 20 0 0.00427258311705
14 20 1 0.010699831784
14 21 0 0.00764154413504
14 21 1 0.00211902168096
14 22 0 1.44203834721e-05
14 22 1 0.00124461773853
14 23 0 0.000164648271923
14 23 1 0.000350622192077
14 24 0 0.00479092121483
14 24 1 0.00185341762617
14 25 0 0.000675811031401
14 25 1 7.31148259854e-06
14 26 0 0.000136562330553
14 26 1 3.30344344653e-06
14 27 0 0.00143459338823
14 27 1 0.000203859714766
14 28 0 0.0279728560954
14 28 1 0.00311131347962
14 29 0 0.000327882113378
14 29 1 0.0181611356186
14 30 0 0.000781116347029
14 30 1 0.000997054269971
14 31 0 0.0018988301965
14 31 1 0.0028708323305
14 32 0 0.00507859749876
14 32 1 0.00205673756124
14 33 0 0.0143296939428
14 33 1 0.00659878277525
14 34 0 0.000766404438479
14 34 1 0.00328708374252
14 35 0 0.0043709436472
14 35 1 0.0020846449208
15 0 0 0.00076887929474
15 0 1 0.00241607161126
15 1 0 0.00684455339201
15 1 1 0.00134353639499
15 2 0 0.00292460768239
15 2 1 0.00156917977161
15 3 0 0.000932054194503
15 3 1 2.05523394971e-05
15 4 0 0.00311303390472
15 4 1 3.99230972811e-05
15 5 0 6.2960837723e-05
15 5 1 0.000148485629277
15 6 0 0.00228010472539
15 6 1 0.00123001892361
15 7 0 0.00266987141306
15 7 1 0.00630263761994
15 8 0 0.000249640191481
15 8 1 0.00345929074652
15 9 0 1.29184359572e-05
15 9 1 0.000236093087043
15 10 0 0.000111233906323
15 10 1 0.000700328253677
15 11 0 0.00891213610507
15 11 1 0.00120237460693
15 12 0 0.000141530154421
15 12 1 0.000430270407579
15 13 0 0.00178997613457
15 13 1 0.00740983190743
15 14 0 0.00294666222636
15 14 1 0.0225134776956
15 16 0 0.00707344739823
15 16 1 0.00184238134577
15 17 0 5.52108510681e-05
15 17 1 5.02608029319e-05
15 18 0 0.00014688102757
15 18 1 2.55524394298e-05
15 19 0 0.000177177270092
15 19 1 0.000895900250908
15 20 0 0.00709629332214
15 20 1 0.00317875733386
15 21 0 0.00341727329151
15 21 1 0.00328106554449
15 22 0 0.000640166884491
15 22 1 0.000223867445509
15 23 0 9.96282163341e-06
15 23 1 0.000343649481367
15 24 0 0.00430737920978
15 24 1 0.000252400800216
15 25 0 0.000167820805991
15 25 1 0.000300982556009
15 26 0 7.93658087777e-05
15 26 1 1.66192362223e-05
15 27 0 0.000180820995594
15 27 1 0.000943592717406
15 28 0 0.000666128320376
15 28 1 0.0206658624836
15 29 0 0.00580527077347
15 29 1 0.00688310281453
15 30 0 0.00114964929506
15 30 1 7.06477169437e-05
15 31 0 0.00231191568646
15 31 1 0.000961338788543
15 32 0 0.00161200478907
15 32 1 0.00328472894893
15 33 0 0.013012616333
15 33 1 0.00134987361
15 34 0 0.00120926502102
15 34 1 0.00157250376298
15 35 0 2.94751746789e-05
15 35 1 0.00440077204932
16 0 0 0.0010381915897
16 0 1 0.000150379323299
16 1 0 0.000303717599465
16 1 1 0.00275194185654
16 2 0 0.000131503246285
16 2 1 0.00154550378272
16 3 0 0.000184375231688
16 3 1 0.000171121745312
16 4 0 0.000320366998448
16 4 1 0.000856264319552
16 5 0 1.67409782415e-05
16 5 1 6.21673397585e-05
16 6 0 0.000653045648798
16 6 1 0.000656874345202
16 7 0 0.00177767853903
16 7 1 0.00157071318397
16 8 0 6.08697523987e-07
16 8 1 0.00138350288248
16 9 0 5.0787212617e-05
16 9 1 4.2139762383e-05
16 10 0 9.75064704394e-05
16 10 1 0.000205355082561
16 11 0 0.00286540179382
16 11 1 0.000909166036182
16 12 0 0.000100529545289
16 12 1 0.000112856951711
16 13 0 0.000677884061593
16 13 1 0.00275533188641
16 14 0 0.00680118960947
16 14 1 0.00270011281053
16 15 0 0.0027310786423
16 15 1 0.000205521663703
16 17 0 2.87872033695e-05
16 17 1 1.05730706305e-05
16 18 0 1.50911632546e-05
16 18 1 4.92581497454e-05
16 19 0 0.000222533792255
16 19 1 0.000177920960745
16 20 0 0.00299146123503
16 20 1 0.000843017442969
16 21 0 0.00140289788085
16 21 1 0.00109681120115
16 22 0 0.000232249350835
16 22 1 9.01939471653e-05
16 23 0 1.7088558522e-05
16 23 1 0.000114873694478
16 24 0 0.000112050200357
16 24 1 0.00158958415764
16 25 0 0.000166524621318
16 25 1 8.42502668233e-06
16 26 0 3.58000655299e-05
16 26 1 1.99634701039e-08
16 27 0 7.09458763944e-05
16 27 1 0.000348666693606
16 28 0 0.00618547011639
16 28 1 0.00177527544461
16 29 0 0.00468487679953
16 29 1 5.02140154691e-05
16 30 0 8.44959419633e-05
16 30 1 0.000370898686037
16 31 0 0.000794344626748
16 31 1 0.000427179715252
16 32 0 0.00117784959359
16 32 1 0.000649530313406
16 33 0 0.00479609945202
16 33 1 0.000563743850979
16 34 0 0.000981045082767
16 34 1 5.70649422329e-05
16 35 0 0.000418792527649
16 35 1 0.00123450234035
17 0 0 0.000907839087071
17 0 1 0.000807734468929
17 1 0 0.00134450783415
17 1 1 0.00306600608685
17 2 0 0.00160474004298
17 2 1 0.000815838216018
17 3 0 0.000270791045496
17 3 1 0.000242330389504
17 4 0 0.000298752585797
17 4 1 0.0013995874562
17 5 0 0.000108378298485
17 5 1 5.51732451508e-06
17 6 0 0.000840082341593
17 6 1 0.00105064548641
17 7 0 0.00193984653067
17 7 1 0.00289319475533
17 8 0 0.00141582761932
17 8 1 0.000581987739679
17 9 0 0.000123832989474
17 9 1 1.02970475259e-05
17 10 0 0.000294201113495
17 10 1 0.000142946780505
17 11 0 8.57840325797e-05
17 11 1 0.00536239636842
17 12 0 0.000116461046512
17 12 1 0.000191539281488
17 13 0 0.00364582689474
17 13 1 0.00130964898426
17 14 0 0.00418749237824
17 14 1 0.00952660999176
17 15 0 0.00368122879519
17 15 1 0.000557436119813
17 16 0 0.0010506909322
17 16 1 0.0037518195208
17 18 0 3.13707619425e-05
17 18 1 6.15105120575e-05
17 19 0 0.000271389807692
17 19 1 0.000306623314308
17 20 0 0.000625636618829
17 20 1 0.00490901861117
17 21 0 0.00147409170868
17 21 1 0.00213396797932
17 22 0 0.000432479378915
17 22 1 3.29326450848e-05
17 23 0 0.000117437838105
17 23 1 7.30354008953e-05
17 24 0 0.00184209289485
17 24 1 0.00061403224915
17 25 0 0.000252384595692
17 25 1 1.36298308376e-07
17 26 0 3.27698125859e-05
17 26 1 1.89325244141e-05
17 27 0 0.000312642255978
17 27 1 0.000293023102022
17 28 0 0.00670129627788
17 28 1 0.00478917889412
17 29 0 0.00606522215082
17 29 1 0.000769369286181
17 30 0 0.000648196091011
17 30 1 9.11679898945e-06
17 31 0 0.000908674365493
17 31 1 0.000854463900507
17 32 0 0.00168741927862
17 32 1 0.000950205965377
17 33 0 3.37035046901e-05
17 33 1 0.00770265057531
17 34 0 0.00029246475734
17 34 1 0.00120593477966
17 35 0 0.000966911200039
17 35 1 0.00141944111996
18 0 0 0.00202525946457
18 0 1 0.000449468043431
18 1 0 0.00108439086043
18 1 1 0.00527780800057
18 2 0 0.00135288176098
18 2 1 0.00213882023102
18 3 0 0.00071436447128
18 3 1 2.58169837204e-05
18 4 0 0.00218032426282
18 4 1 0.00026954377418
18 5 0 7.1426715843e-05
18 5 1 9.2868560157e-05
18 6 0 0.00175468431204
18 6 1 0.000972704524957
18 7 0 0.0038262183418
18 7 1 0.0031454793602
18 8 0 0.000764378682496
18 8 1 0.0021174847075
18 9 0 2.63268857791e-05
18 9 1 0.000167156682221
18 10 0 0.000623648489504
18 10 1 6.9405714961e-06
18 11 0 0.000934675965382
18 11 1 0.00692436444662
18 12 0 0.000253711139828
18 12 1 0.000190581604172
18 13 0 0.0055568191735
18 13 1 0.0015914913325
18 14 0 0.0143955745843
18 14 1 0.00538711923466
18 15 0 0.000908439988911
18 15 1 0.00520586541409
18 16 0 0.00153927380409
18 16 1 0.00538838294591
18 17 0 8.50774223999e-06
18 17 1 7.344441676e-05
18 19 0 0.000786649140594
18 19 1 4.7139051406e-05
18 20 0 0.0062726917105
18 20 1 0.0017110892795
18 21 0 0.00164542855518
18 21 1 0.00355922415682
18 22 0 7.94995592628e-05
18 22 1 0.000591860717737
18 23 0 1.40740236658e-05
18 23 1 0.000260685029334
18 24 0 0.000632163152759
18 24 1 0.00291081548324
18 25 0 0.000246267447148
18 25 1 0.000117995804852
18 26 0 1.78403518358e-05
18 26 1 5.67406501642e-05
18 27 0 0.000752957836929
18 27 1 0.000120718910071
18 28 0 0.000882561821247
18 28 1 0.0156925333638
18 29 0 0.00602552369909
18 29 1 0.00383342485891
18 30 0 0.000192261623279
18 30 1 0.000755917067721
18 31 0 2.89705868309e-05
18 31 1 0.00251436936617
18 32 0 0.00219350235188
18 32 1 0.00161129151612
18 33 0 0.00757602274311
18 33 1 0.00358372507789
18 34 0 0.00169358644857
18 34 1 0.00046786593543
18 35 0 0.00321064212215
18 35 1 0.000231688699846
19 0 0 0.00428210909609
19 0 1 9.99014819098e-05
19 1 0 0.0092501276283
19 1 1 0.0020154450967
19 2 0 3.98167064217e-05
19 2 1 0.00614295493958
19 3 0 0.000485210023031
19 3 1 0.000825432442969
19 4 0 0.00329365610859
19 4 1 0.00104433569841
19 5 0 0.000260328112225
19 5 1 3.05902347749e-05
19 6 0 0.00481113282285
19 6 1 1.82662531547e-05
19 7 0 0.00840943566753
19 7 1 0.00393537926247
19 8 0 0.00296158516543
19 8 1 0.00214134266057
19 9 0 3.57363451012e-05
19 9 1 0.000306865835899
19 10 0 0.000247818959682
19 10 1 0.000868767786318
19 11 0 0.0114199072782
19 11 1 0.00249612918184
19 12 0 0.000548403966542
19 12 1 0.000238307095458
19 13 0 0.010643205298
19 13 1 0.00201433867803
19 14 0 0.0334667575418
19 14 1 0.00156254298617
19 15 0 0.00084354396432
19 15 1 0.00998308275468
19 16 0 0.0083341432628
19 16 1 0.0039326881642
19 17 0 0.000144963252808
19 17 1 1.49786192158e-07
19 18 0 8.04827142442e-06
19 18 1 0.000229194091576
19 20 0 0.00992849679452
19 20 1 0.00420841833948
19 21 0 0.00138051367761
19 21 1 0.00783538713139
19 22 0 0.000663213038755
19 22 1 0.000525567475245
19 23 0 0.000448202737872
19 23 1 3.83142911282e-05
19 24 0 0.00336369001347
19 24 1 0.00290987740653
19 25 0 0.000142798526342
19 25 1 0.000502203971658
19 26 0 0.000118298169952
19 26 1 1.37627300481e-05
19 27 0 0.000155856003293
19 27 1 0.00139116714771
19 28 0 0.00800237224621
19 28 1 0.0213472196668
19 29 0 0.00924567389274
19 29 1 0.00821160847126
19 30 0 0.000812330460572
19 30 1 0.000866613602428
19 31 0 0.00139154902634
19 31 1 0.00311195390266
19 32 0 0.00621397914492
19 32 1 0.000523185625078
19 33 0 0.00511965974817
19 33 1 0.0146409534338
19 34 0 0.00116827391075
19 34 1 0.00265901906725
19 35 0 0.0017446659729
19 35 1 0.0043506839311
20 0 0 0.00193978525523
20 0 1 0.00362359394277
20 1 0 0.00651713740579
20 1 1 0.00778557862621
20 2 0 0.005666563324
20 2 1 0.002183053319
20 3 0 0.00034870972328
20 3 1 0.00131527554172
20 4 0 0.00266288200133
20 4 1 0.00284461117967
20 5 0 0.000266526083131
20 5 1 0.000102822427869
20 6 0 0.0055111504624
20 6 1 0.0006202309836
20 7 0 0.0108299635009
20 7 1 0.00484295315607
20 8 0 0.00141027091335
20 8 1 0.00506838129665
20 9 0 0.000337656519802
20 9 1 9.73095331984e-05
20 10 0 0.00127733790602
20 10 1 0.000140275165985
20 11 0 0.00797930556751
20 11 1 0.00968842625849
20 12 0 0.000432522018099
20 12 1 0.000566282498901
20 13 0 0.0127310475591
20 13 1 0.00333890836488
20 14 0 0.0195263065055
20 14 1 0.0249467221175
20 15 0 0.00341322535203
20 15 1 0.010332206978
20 16 0 0.009504751504
20 16 1 0.006069157679
20 17 0 3.82801034167e-05
20 17 1 0.000145954700583
20 18 0 7.96194812982e-06
20 18 1 0.00029323979487
20 19 0 0.000529061045218
20 19 1 0.00134535941878
20 21 0 0.00786315188079
20 21 1 0.00383731071221
20 22 0 0.00145303876543
20 22 1 5.62311605698e-05
20 23 0 0.000415422767524
20 23 1 0.000202256873476
20 24 0 0.007643793356
20 24 1 0.000321097156005
20 25 0 0.000718445959729
20 25 1 0.000100446057271
20 26 0 0.000139866854349
20 26 1 2.77970176514e-05
20 27 0 0.00125342929428
20 27 1 0.000710663731716
20 28 0 0.0335373801358
20 28 1 0.00372471820824
20 29 0 0.019896525522
20 29 1 0.00226715478401
20 30 0 0.00166690517596
20 30 1 0.000464673994042
20 31 0 0.00563389208651
20 31 1 8.37332064904e-05
20 32 0 0.00136648959866
20 32 1 0.00718698184234
20 33 0 0.0248379985809
20 33 1 0.000249979266072
20 34 0 0.000658503318729
20 34 1 0.00420060912727
20 35 0 0.00390164492633
20 35 1 0.00383698149967
21 0 0 0.00241299310413
21 0 1 0.00255533681787
21 1 0 0.00921529541807
21 1 1 0.00355762720593
21 2 0 0.00322415239669
21 2 1 0.00378588302431
21 3 0 0.000737819839275
21 3 1 0.000748188481725
21 4 0 0.00341530889532
21 4 1 0.00150311247968
21 5 0 0.000200019766432
21 5 1 0.000129823875568
21 6 0 0.00413644744801
21 6 1 0.00133913219799
21 7 0 0.00122094846677
21 7 1 0.0127756205272
21 8 0 0.00231077925485
21 8 1 0.00347492768315
21 9 0 0.000144130631228
21 9 1 0.000244312215772
21 10 0 0.000384152271007
21 10 1 0.000881835393993
21 11 0 0.000166867560992
21 11 1 0.015611154672
21 12 0 0.000534999968519
21 12 1 0.000356974169481
21 13 0 0.0120170248405
21 13 1 0.00233411679748
21 14 0 0.00414771750838
21 14 1 0.0355685540146
21 15 0 0.00929127420896
21 15 1 0.00298397079904
21 16 0 0.00073854625394
21 16 1 0.0131696049321
21 17 0 1.7395900705e-06
21 17 1 0.00016278978293
21 18 0 0.000223786174347
21 18 1 4.5199558653e-05
21 19 0 0.000871578041015
21 19 1 0.000802357699985
21 20 0 0.0124728394722
21 20 1 0.00355561532184
21 22 0 0.00129310329794
21 22 1 5.4737765062e-05
21 23 0 0.000299988566922
21 23 1 0.000251625143078
21 24 0 0.00281522707581
21 24 1 0.00429775272419
21 25 0 0.000393721386272
21 25 1 0.000337583377728
21 26 0 9.95721124217e-05
21 26 1 5.01587265783e-05
21 27 0 0.000780083118448
21 27 1 0.000973933963552
21 28 0 0.00435849527032
21 28 1 0.0289181144227
21 29 0 0.0188588145981
21 29 1 0.000934277354907
21 30 0 8.10369410821e-05
21 30 1 0.00182255226192
21 31 0 0.00370780693117
21 31 1 0.00139827119383
21 32 0 0.00218333750107
21 32 1 0.00545526964393
21 33 0 0.00232968764476
21 33 1 0.0200749241162
21 34 0 0.000333432822077
21 34 1 0.00400595748292
21 35 0 0.00591597546572
21 35 1 0.000994941057281
22 0 0 0.000435789681552
22 0 1 0.00165140848345
22 1 0 0.00406471111167
22 1 1 0.00130120079033
22 2 0 0.000926675600147
22 2 1 0.00201824418085
22 3 0 0.00052850128471
22 3 1 9.577163729e-05
22 4 0 3.31328060308e-05
22 4 1 0.00203309874997
22 5 0 6.91409223547e-05
22 5 1 6.94265756453e-05
22 6 0 0.00199992696813
22 6 1 0.000300367087872
22 7 0 0.00581807263335
22 7 1 6.18937896459e-05
22 8 0 0.0018832131212
22 8 1 0.0005473655828
22 9 0 0.000145431964306
22 9 1 1.77530916944e-05
22 10 0 0.000460602039187
22 10 1 7.12400838127e-05
22 11 0 0.00100079955697
22 11 1 0.00562755636303
22 12 0 0.000252312490056
22 12 1 0.000122406341944
22 13 0 0.00445122990562
22 13 1 0.00157769268238
22 14 0 0.0162864614311
22 14 1 0.000398366335941
22 15 0 0.000292513547358
22 15 1 0.00486432371164
22 16 0 0.00215640288958
22 16 1 0.00368641916242
22 17 0 5.16822346421e-05
22 17 1 1.74366463579e-05
22 18 0 4.26644406949e-05
22 18 1 7.03366153051e-05
22 19 0 0.000489046041015
22 19 1 0.000214175294985
22 20 0 0.000148311118272
22 20 1 0.00658525165973
22 21 0 0.000980859046073
22 21 1 0.00340877235993
22 23 0 0.000222030406529
22 23 1 9.70282047118e-06
22 24 0 0.00108735043198
22 24 1 0.00190081634002
22 25 0 0.000226970744115
22 25 1 8.02507938848e-05
22 26 0 3.60563105351e-05
22 26 1 2.68456984649e-05
22 27 0 0.000373163107803
22 27 1 0.000363700444197
22 28 0 0.00325736594331
22 28 1 0.0107221563057
22 29 0 0.00444503542634
22 29 1 0.00387005351666
22 30 0 0.000304831367636
22 30 1 0.000494867515364
22 31 0 0.000833299249942
22 31 1 0.00131176701106
22 32 0 0.00106142694387
22 32 1 0.00214755616813
22 33 0 0.0079473347278
22 33 1 0.0014648551402
22 34 0 0.00115114904124
22 34 1 0.000671831240758
22 35 0 0.00187569732484
22 35 1 0.00102758255216
23 0 0 0.00300970742457
23 0 1 0.000255444711431
23 1 0 0.00712467521535
23 1 1 0.00126960138165
23 2 0 0.00409080722457
23 2 1 0.000516139674434
23 3 0 6.81665037501e-05
23 3 1 0.00090842790925
23 4 0 0.00179768982089
23 4 1 0.00143466276311
23 5 0 6.30735895551e-05
23 5 1 0.000153697375445
23 6 0 0.00104857247836
23 6 1 0.00254994067564
23 7 0 0.00102651050205
23 7 1 0.00817193804495
23 8 0 0.00132121442254
23 8 1 0.00248111224746
23 9 0 0.000212709516277
23 9 1 4.25724427225e-05
23 10 0 0.000730868073786
23 10 1 0.000101130283214
23 11 0 0.00921614907827
23 11 1 0.00115305824273
23 12 0 9.3792176534e-05
23 12 1 0.000492407071466
23 13 0 0.00734001006331
23 13 1 0.00209146117769
23 14 0 0.0121052102597
23 14 1 0.0139960492863
23 15 0 0.00637017167785
23 15 1 0.00169703462515
23 16 0 0.00857242941812
23 16 1 0.000567911554878
23 17 0 3.16969527329e-05
23 17 1 7.64306152671e-05
23 18 0 1.00458684627e-05
23 18 1 0.000166729699537
23 19 0 0.000488262468801
23 19 1 0.000611836547199
23 20 0 0.00312313324664
23 20 1 0.00741065662436
23 21 0 0.00180603441167
23 21 1 0.00506097735733
23 22 0 0.000831706468275
23 22 1 5.40853767254e-05
23 24 0 0.00339682820915
23 24 1 0.00127777302585
23 25 0 0.000237359936698
23 25 1 0.000243248507302
23 26 0 5.99389817534e-05
23 26 1 3.84630922466e-05
23 27 0 0.00054561592815
23 27 1 0.00060711199285
23 28 0 6.23342778031e-05
23 28 1 0.0218068239562
23 29 0 0.00185500205197
23 29 1 0.011152881379
23 30 0 0.00114118024246
23 30 1 0.000109845444541
23 31 0 0.00191822731137
23 31 1 0.00143745199263
23 32 0 0.00228131421288
23 32 1 0.00273872568612
23 33 0 0.000621277313141
23 33 1 0.0141028789119
23 34 0 0.000250709602102
23 34 1 0.0026011077589
23 35 0 0.00125685368571
23 35 1 0.00328495295829
24 0 0 0.00483191749356
24 0 1 0.00443556321244
24 1 0 0.0199634213655
24 1 1 0.00386205235449
24 2 0 0.0020546316824
24 2 1 0.0110212648536
24 3 0 0.000299319322209
24 3 1 0.00247254841979
24 4 0 0.00482741726854
24 4 1 0.00434696847346
24 5 0 0.00056436815911
24 5 1 5.08928318904e-05
24 6 0 0.00151963896605
24 6 1 0.00869402025595
24 7 0 0.00435655054381
24 7 1 0.0217514042712
24 8 0 0.00996894152444
24 8 1 0.000823201562561
24 9 0 0.000534123427324
24 9 1 0.000190443308676
24 10 0 0.00122504775369
24 10 1 0.00113641302831
24 11 0 0.0251001964874
24 11 1 0.00433072274258
24 12 0 0.00162336915673
24 12 1 4.04400602674e-05
24 13 0 0.0251818345564
24 13 1 0.00158750852956
24 14 0 0.00858875356142
24 14 1 0.0654944466006
24 15 0 0.00650000457852
24 15 1 0.0163971455855
24 16 0 0.000979557778153
24 16 1 0.0249634703228
24 17 0 0.000230093149614
24 17 1 7.68053073864e-05
24 18 0 0.000428856094505
24 18 1 7.28859664945e-05
24 19 0 0.00296887880815
24 19 1 0.000153532026848
24 20 0 0.016342678858
24 20 1 0.013555374994
24 21 0 0.0167797037874
24 21 1 0.00271093445159
24 22 0 0.000623611242714
24 22 1 0.00189053158729
24 23 0 0.000508719528722
24 23 1 0.000520211620278
24 25 0 0.000566405174176
24 25 1 0.000797705682824
24 26 0 0.000231874126748
24 26 1 4.74204612522e-05
24 27 0 0.00183789270188
24 27 1 0.00143389474512
24 28 0 0.0162781766515
24 28 1 0.0457930511375
24 29 0 0.00855043133451
24 29 1 0.0283698418125
24 30 0 0.00239851528252
24 30 1 0.00115227069348
24 31 0 0.00556266201005
24 31 1 0.00396176194095
24 32 0 0.00152968074208
24 32 1 0.0127186975779
24 33 0 0.0342842430612
24 33 1 0.00750732684184
24 34 0 0.00134352593087
24 34 1 0.00675078675913
24 35 0 0.00757938304037
24 35 1 0.00531162592063
25 0 0 0.000935462484866
25 0 1 5.10135551341e-05
25 1 0 0.00132564151064
25 1 1 0.00121045861236
25 2 0 0.000111906256236
25 2 1 0.00127995621876
25 3 0 0.000284623962359
25 3 1 1.04272166411e-05
25 4 0 0.000907091903511
25 4 1 6.94746524887e-05
25 5 0 1.62685440402e-05
25 5 1 4.92228499598e-05
25 6 0 0.00106735234162
25 6 1 1.98395733844e-05
25 7 0 0.00242670621623
25 7 1 0.000352352373768
25 8 0 0.000759811171683
25 8 1 0.000388957399317
25 9 0 1.64047537033e-06
25 9 1 7.54859566297e-05
25 10 0 8.90472595108e-05
25 10 1 0.000162318192489
25 11 0 0.000699171534729
25 11 1 0.00243359966427
25 12 0 0.000170604972075
25 12 1 6.49903092528e-06
25 13 0 0.00269406611004
25 13 1 0.000155393887963
25 14 0 0.0074253584751
25 14 1 0.000460420218898
25 15 0 0.00116006585737
25 15 1 0.00127721895863
25 16 0 0.000978165854276
25 16 1 0.00178333712872
25 17 0 3.78997799843e-06
25 17 1 2.88777970016e-05
25 18 0 1.23345113002e-05
25 18 1 4.10733716998e-05
25 19 0 0.00024279243804
25 19 1 8.95722649604e-05
25 20 0 0.00113567101937
25 20 1 0.00204682427663
25 21 0 0.0019877756422
25 21 1 8.69033598026e-05
25 22 0 2.22457043867e-05
25 22 1 0.000245371972613
25 23 0 9.25263083804e-05
25 23 1 1.69981626196e-05
25 24 0 0.000884210296402
25 24 1 0.000528092077598
25 26 0 2.69206145513e-05
25 26 1 2.80886944872e-06
25 27 0 4.07709604934e-05
25 27 1 0.000307494120507
25 28 0 7.92885229423e-05
25 28 1 0.00652787699506
25 29 0 0.00237209506525
25 29 1 0.00155787964875
25 30 0 7.94091691212e-05
25 30 1 0.000298553881879
25 31 0 0.000375606165286
25 31 1 0.000638220171714
25 32 0 0.00113533701702
25 32 1 0.000381330161978
25 33 0 0.00444451759692
25 33 1 3.98180408274e-06
25 34 0 0.000826206368029
25 34 1 3.53919219708e-05
25 35 0 0.000257859380837
25 35 1 0.00111432275416
26 0 0 0.00173355665875
26 0 1 0.00251344596225
26 1 0 0.00662173593985
26 1 1 0.00429674908815
26 2 0 0.00416713670391
26 2 1 0.00182514627209
26 3 0 0.0009048076966
26 3 1 0.0003654544104
26 4 0 0.00264367643338
26 4 1 0.00156066361662
26 5 0 9.91076963067e-05
26 5 1 0.000182847575693
26 6 0 0.000694312002753
26 6 1 0.00398629525825
26 7 0 0.00683981775694
26 7 1 0.00512465846406
26 8 0 0.00322005289606
26 8 1 0.00172565580694
26 9 0 0.000202066575418
26 9 1 0.000129980172582
26 10 0 0.00034298430776
26 10 1 0.00073920085624
26 11 0 0.0123603915996
26 11 1 0.00112689745743
26 12 0 0.000671084916339
26 12 1 9.13878996609e-05
26 13 0 0.00552210613742
26 13 1 0.00674546407458
26 14 0 0.00982526785454
26 14 1 0.0241247942225
26 15 0 0.00587162453604
26 15 1 0.00462143823296
26 16 0 0.00768897070335
26 16 1 0.00419992465465
26 17 0 0.00012138529337
26 17 1 1.92568716302e-05
26 18 0 3.111115282e-05
26 18 1 0.00019882186918
26 19 0 0.00120463829217
26 19 1 0.000226266979826
26 20 0 0.0124293445555
26 20 1 0.00127201799451
26 21 0 0.00195938393847
26 21 1 0.00697257872853
26 22 0 0.000854927506309
26 22 1 0.000297227164691
26 23 0 0.000331653132772
26 23 1 0.000139874505228
26 24 0 0.00433505498403
26 24 1 0.00174522638397
26 25 0 0.000251423365044
26 25 1 0.000373706868956
26 27 0 0.000379505170495
26 27 1 0.00111985482851
26 28 0 0.00319601369904
26 28 1 0.025249329267
26 29 0 0.00946998049783
26 29 1 0.00744945012217
26 30 0 0.000468838109042
26 30 1 0.00115837837196
26 31 0 0.0026440036098
26 31 1 0.0017207482322
26 32 0 0.00308076978815
26 32 1 0.00344882568585
26 33 0 0.0088454087646
26 33 1 0.0103063879904
26 34 0 0.00132480075271
26 34 1 0.00238457489129
26 35 0 0.00459230320942
26 35 1 0.00131525145158
27 0 0 0.000389666295627
27 0 1 0.00241465768137
27 1 0 0.0045893618262
27 1 1 0.0026201861978
27 2 0 0.00324420385631
27 2 1 0.00071254030569
27 3 0 0.000139210806607
27 3 1 0.000699551681393
27 4 0 0.00163292956887
27 4 1 0.00114322402913
27 5 0 0.000164968666294
27 5 1 2.12082687057e-05
27 6 0 0.00250200962103
27 6 1 0.000588626372967
27 7 0 0.000893768255469
27 7 1 0.00700645468553
27 8 0 0.00302809690345
27 8 1 0.000237587329548
27 9 0 0.000130227911587
27 9 1 8.90247564133e-05
27 10 0 0.000694111712384
27 10 1 2.04623236161e-05
27 11 0 0.00306443673322
27 11 1 0.00584130961478
27 12 0 6.12795360535e-05
27 12 1 0.000442186316946
27 13 0 0.00457534966104
27 13 1 0.00352500825096
27 14 0 0.0129592614385
27 14 1 0.00945818954849
27 15 0 0.00540074719563
27 15 1 0.00152789169137
27 16 0 0.00297602717463
27 16 1 0.00487428922137
27 17 0 2.46777069827e-05
27 17 1 6.81892470173e-05
27 18 0 1.59770656049e-05
27 18 1 0.000135849232395
27 19 0 0.00017247362529
27 19 1 0.00077236260871
27 20 0 0.00120756432183
27 20 1 0.00783953617217
27 21 0 0.00420723204694
27 21 1 0.00169060209706
27 22 0 0.000143522520549
27 22 1 0.000617252844451
27 23 0 5.40156793108e-05
27 23 1 0.000257337144689
27 24 0 5.4192005112e-05
27 24 1 0.00396065807789
27 25 0 0.000326263980195
27 25 1 8.65136568054e-05
27 26 0 7.54863510003e-08
27 26 1 8.4438583649e-05
27 28 0 0.000639930281889
27 28 1 0.0181427181941
27 29 0 0.00501860536422
27 29 1 0.00615340680378
27 30 0 0.000762453881064
27 30 1 0.000312007945936
27 31 0 0.00114204913235
27 31 1 0.00174002543565
27 32 0 0.0018509096189
27 32 1 0.0024606255461
27 33 0 0.0086293104895
27 33 1 0.0040167478325
27 34 0 0.00235145440211
27 34 1 9.78709188944e-05
27 35 0 0.00277754139128
27 35 1 0.00112325610272
28 0 0 0.00136885875724
28 0 1 0.00146100824176
28 1 0 0.00646023232702
28 1 1 0.000814983445985
28 2 0 0.00215180410383
28 2 1 0.00184097983217
28 3 0 0.000373139199407
28 3 1 0.000473263107593
28 4 0 0.00172929739726
28 4 1 0.00107214263474
28 5 0 7.58230009908e-05
28 5 1 0.000112049715009
28 6 0 0.00279060189931
28 6 1 0.000328184973686
28 7 0 4.69228580755e-05
28 7 1 0.00792525880392
28 8 0 0.000634324593462
28 8 1 0.00266110493454
28 9 0 0.000141561136018
28 9 1 7.96885819816e-05
28 10 0 0.000673959420258
28 10 1 4.71232717419e-05
28 11 0 0.00579000473488
28 11 1 0.00319685908612
28 12 0 0.000249185109958
28 12 1 0.000258866533042
28 13 0 0.00173133521135
28 13 1 0.00644280433965
28 14 0 0.0132008302572
28 14 1 0.00942080877881
28 15 0 0.00488019675292
28 15 1 0.00211155123908
28 16 0 0.00293526261028
28 16 1 0.00498655793572
28 17 0 4.02810183367e-05
28 17 1 5.34318086633e-05
28 18 0 4.87778870546e-05
28 18 1 0.000104431311945
28 19 0 0.000792152016581
28 19 1 0.000161290203419
28 20 0 0.00481172256077
28 20 1 0.00431778292223
28 21 0 0.00190583180784
28 21 1 0.00404572241516
28 22 0 0.000408000362968
28 22 1 0.000359704480032
28 23 0 0.000174601580885
28 23 1 0.000139587182115
28 24 0 0.000452874131722
28 24 1 0.00359854498028
28 25 0 7.57420495017e-05
28 25 1 0.000340795348498
28 26 0 1.76777613829e-05
28 26 1 6.76060996171e-05
28 27 0 0.000454696445581
28 27 1 0.000544358596419
28 29 0 0.0066313026078
28 29 1 0.0046424691842
28 30 0 6.10620669728e-05
28 30 1 0.00102318643303
28 31 0 0.000472837728845
28 31 1 0.00243548804816
28 32 0 0.00413083510958
28 32 1 0.00021997142242
28 33 0 0.000954030730003
28 33 1 0.011807213479
28 34 0 2.94479131823e-05
28 34 1 0.00244218694482
28 35 0 3.24207390882e-05
28 35 1 0.00390390694191
29 0 0 0.00197977823951
29 0 1 0.00497665850049
29 1 0 0.00946938477828
29 1 1 0.00841469893072
29 2 0 0.00270953868861
29 2 1 0.00710560416939
29 3 0 0.000489298169272
29 3 1 0.00159134523373
29 4 0 0.00211748194644
29 4 1 0.00476907504356
29 5 0 9.26590500272e-05
29 5 1 0.000369173490973
29 6 0 0.00222110336397
29 6 1 0.00544556209903
29 7 0 0.0105447380037
29 7 1 0.00905264145935
29 8 0 0.00262533291675
29 8 1 0.00547555912125
29 9 0 0.000398046862874
29 9 1 0.000145833704126
29 10 0 0.00046204760396
29 10 1 0.00131053256804
29 11 0 0.00543724057309
29 11 1 0.0166544512569
29 12 0 0.000192173715227
29 12 1 0.00105672918877
29 13 0 0.000887073177285
29 13 1 0.0192067632857
29 14 0 0.00432890464569
29 14 1 0.0512800695433
29 15 0 0.0036224882106
29 15 1 0.0135647692194
29 16 0 0.0190889227197
29 16 1 0.000384658023319
29 17 0 9.37903753568e-05
29 17 1 0.000136576406643
29 18 0 0.000150773563597
29 18 1 0.000225848413403
29 19 0 0.00159093544558
29 19 1 0.000752835654423
29 20 0 0.0217488922633
29 20 1 0.000693444208697
29 21 0 0.0106089631222
29 21 1 0.0040212687838
29 22 0 0.000744090765507
29 22 1 0.00114309692949
29 23 0 0.000467503084944
29 23 1 0.000304842138056
29 24 0 0.00710772982815
29 24 1 0.00285155121485
29 25 0 0.000901523224619
29 25 1 0.000122417497381
29 26 0 0.000160434404754
29 26 1 4.92121212458e-05
29 27 0 0.000780745173497
29 27 1 0.0016751522945
29 28 0 0.00240698477734
29 28 1 0.0441854585347
29 30 0 0.000227218825592
29 30 1 0.00243810293741
29 31 0 0.00628568416077
29 31 1 0.000863621546232
29 32 0 0.00427547911709
29 32 1 0.00641976218591
29 33 0 0.0258134120645
29 33 1 0.00555653857147
29 34 0 0.0038341417091
29 34 1 0.0022416814799
29 35 0 0.00255203145209
29 35 1 0.00712432949091
30 0 0 0.00108475610671
30 0 1 0.00274238798329
30 1 0 0.00966370725127
30 1 1 0.000175376727731
30 2 0 0.00176867845594
30 2 1 0.00363120763406
30 3 0 0.00114158209151
30 3 1 3.10194749167e-06
30 4 0 0.00296535094648
30 4 1 0.000823348192517
30 5 0 4.30303527256e-07
30 5 1 0.000253650879473
30 6 0 0.00188531810165
30 6 1 0.00233256448935
30 7 0 0.00404507095349
30 7 1 0.00673659756451
30 8 0 0.00238107215331
30 8 1 0.00207570395969
30 9 0 9.6194733097e-05
30 9 1 0.000203025884903
30 10 0 0.000222849045892
30 10 1 0.000752351331108
30 11 0 0.00354480482651
30 11 1 0.00860913130449
30 12 0 0.000204815965221
30 12 1 0.000482278814779
30 13 0 0.00379062688513
30 13 1 0.00726417176387
30 14 0 0.0198444775867
30 14 1 0.0107492825363
30 15 0 0.0043031442961
30 15 1 0.0051525746539
30 16 0 0.00221964593718
30 16 1 0.00849391363982
30 17 0 5.95434186126e-05
30 17 1 6.71948673874e-05
30 18 0 0.00010722254365
30 18 1 9.99793083503e-05
30 19 0 0.00127848374289
30 19 1 1.09622841138e-05
30 20 0 0.0106181972457
30 20 1 0.0017286490793
30 21 0 0.00329440646024
30 21 1 0.00475454268876
30 22 0 0.000452913700296
30 22 1 0.000585339000704
30 23 0 0.000216966519027
30 23 1 0.000207945912973
30 24 0 0.000891947053175
30 24 1 0.00458723791082
30 25 0 0.00041946481454
30 25 1 0.00014386506646
30 26 0 0.000102828536415
30 26 1 1.25103205849e-05
30 27 0 0.000407421082827
30 27 1 0.000943712239173
30 28 0 0.0225596374336
30 28 1 0.00307359991838
30 29 0 0.0112614750071
30 29 1 0.00398530129094
30 31 0 0.00253046526665
30 31 1 0.00140278736035
30 32 0 0.00557357495137
30 32 1 0.00031050494163
30 33 0 0.0168475276644
30 33 1 0.000410923131617
30 34 0 0.00233414064876
30 34 1 0.00100852624824
30 35 0 0.00410937843254
30 35 1 0.00121415558046
31 0 0 0.00359674461535
31 0 1 0.00459395406065
31 1 0 0.00351099866446
31 1 1 0.0175462101105
31 2 0 0.00833676477848
31 2 1 0.00321985258552
31 3 0 0.00151094607688
31 3 1 0.000938860312122
31 4 0 0.00571456667614
31 4 1 0.00239385367386
31 5 0 0.000131282353926
31 5 1 0.000412491898074
31 6 0 0.00614864550264
31 6 1 0.00287829587636
31 7 0 0.00233401616272
31 7 1 0.0207404738433
31 8 0 0.00431043250431
31 8 1 0.00522777910869
31 9 0 0.000160913789894
31 9 1 0.000479466049106
31 10 0 0.00153572216861
31 10 1 0.000551362155391
31 11 0 0.00239993701929
31 11 1 0.0236114245157
31 12 0 0.000464640313749
31 12 1 0.00100585208725
31 13 0 0.0195098671128
31 13 1 0.00414916492918
31 14 0 0.0422105552137
31 14 1 0.0232649703063
31 15 0 0.000462010994791
31 15 1 0.0197747354822
31 16 0 0.0221478957336
31 16 1 0.000780830276379
31 17 0 3.38599265754e-05
31 17 1 0.000237380216425
31 18 0 0.00020390180935
31 18 1 0.00023954319565
31 19 0 0.00142800212337
31 19 1 0.00133161800463
31 20 0 0.00117503587858
31 20 1 0.0252491842374
31 21 0 0.00839839265097
31 21 1 0.00882764211203
31 22 0 0.0020167813231
31 22 1 0.000205245028904
31 23 0 0.000730497562443
31 23 1 0.000178882804557
31 24 0 0.00366142487629
31 24 1 0.00806490472471
31 25 0 0.000292114365592
31 25 1 0.000913501415408
31 26 0 0.000233405918911
31 26 1 1.34376280894e-05
31 27 0 0.0023174200553
31 27 1 0.000574220721705
31 28 0 0.0284996532755
31 28 1 0.0263595624465
31 29 0 0.0206186546117
31 29 1 0.0120118781043
31 30 0 0.0010305962094
31 30 1 0.0021076264546
31 32 0 0.00510510396171
31 32 1 0.00748776535629
31 33 0 0.0235365290296
31 33 1 0.0133993079174
31 34 0 0.00615075068614
31 34 1 0.00100308953586
31 35 0 0.010398422778
31 35 1 0.000994788967013
32 0 0 0.000155886193188
32 0 1 3.70791381242e-06
32 1 0 8.56469699365e-05
32 1 1 0.000324648485063
32 2 0 0.000158338031112
32 2 1 6.68403208878e-05
32 3 0 2.52021924552e-05
32 3 1 2.25317895448e-05
32 4 0 0.000134175990341
32 4 1 2.38149406585e-05
32 5 0 1.69846445201e-06
32 5 1 8.89686654799e-06
32 6 0 0.000148844380765
32 6 1 2.70437462352e-05
32 7 0 0.000290129772498
32 7 1 0.000159471998502
32 8 0 6.52271180412e-05
32 8 1 0.000120623005959
32 9 0 5.22191281367e-07
32 9 1 1.19554807186e-05
32 10 0 2.60655178653e-05
32 10 1 1.46008981347e-05
32 11 0 0.00047359755605
32 11 1 3.322856295e-05
32 12 0 1.44538024841e-05
32 12 1 1.41984445159e-05
32 13 0 1.16885446319e-05
32 13 1 0.000449302910368
32 14 0 0.000281131250486
32 14 1 0.000994646123514
32 15 0 0.000378520796254
32 15 1 1.57881167457e-05
32 16 0 0.000401248648176
32 16 1 4.55129408242e-05
32 17 0 4.45575643103e-06
32 17 1 8.29302568965e-07
32 18 0 7.39474575053e-06
32 18 1 1.24569024947e-06
32 19 0 5.46998169003e-06
32 19 1 4.830065831e-05
32 20 0 9.27118263886e-05
32 20 1 0.000422158758611
32 21 0 0.000315261177355
32 21 1 2.03846266448e-05
32 22 0 2.14027509185e-05
32 22 1 2.18929830815e-05
32 23 0 8.71806612615e-06
32 23 1 9.00102687385e-06
32 24 0 0.000214581840996
32 24 1 1.39033200036e-05
32 25 0 3.51585696995e-06
32 25 1 1.997532303e-05
32 26 0 3.65993172978e-06
32 26 1 1.14976527022e-06
32 27 0 2.48085775316e-05
32 27 1 3.15344584684e-05
32 28 0 0.000427279924931
32 28 1 0.000641640799069
32 29 0 0.000553255945616
32 29 1 8.25433853837e-05
32 30 0 1.45663483535e-05
32 30 1 4.65812856465e-05
32 31 0 9.37695150837e-05
32 31 1 7.02493789163e-05
32 33 0 5.77629844694e-05
32 33 1 0.000661924328531
32 34 0 6.94559534466e-06
32 34 1 0.000132445534655
32 35 0 3.2392186337e-05
32 35 1 0.000189602240663
33 0 0 0.00100861819152
33 0 1 0.00128390900448
33 1 0 0.00259659273859
33 1 1 0.00329719309041
33 2 0 0.000611696003066
33 2 1 0.00262293154793
33 3 0 0.00061042007101
33 3 1 7.52659729899e-05
33 4 0 0.00106030910139
33 4 1 0.00120918888661
33 5 0 6.44323598724e-05
33 5 1 8.77667761276e-05
33 6 0 0.00171368438654
33 6 1 0.000812902102462
33 7 0 0.0038385666217
33 7 1 0.0026198440663
33 8 0 0.000326648286622
33 8 1 0.00234303965938
33 9 0 0.000169073122692
33 9 1 1.01653353084e-05
33 10 0 0.000231562751599
33 10 1 0.000352599572401
33 11 0 0.000897923618039
33 11 1 0.00638249971096
33 12 0 0.000132544110515
33 12 1 0.000279037850485
33 13 0 0.00129328012995
33 13 1 0.00532874035105
33 14 0 0.0131200923937
33 14 1 0.00520611259229
33 15 0 0.00215401857405
33 15 1 0.00351012480195
33 16 0 0.00608431364373
33 16 1 0.000333298580274
33 17 0 3.74514143122e-05
33 17 1 3.84670666878e-05
33 18 0 9.99463124809e-05
33 18 1 2.41712715191e-05
33 19 0 0.000177444258869
33 19 1 0.000594956783131
33 20 0 0.0049675013183
33 20 1 0.0024284786387
33 21 0 0.00410290379361
33 21 1 0.00071855951939
33 22 0 0.000417516975816
33 22 1 0.000204414808184
33 23 0 0.000110778930453
33 23 1 0.000143751153547
33 24 0 0.000709084040424
33 24 1 0.00257304494258
33 25 0 0.000216251323592
33 25 1 0.000121193267408
33 26 0 4.71880500418e-05
33 26 1 2.19019709582e-05
33 27 0 0.000463764489239
33 27 1 0.000345588336761
33 28 0 0.00745231429112
33 28 1 0.00790244956488
33 29 0 0.00523034658745
33 29 1 0.00390274286255
33 30 0 0.000842218083557
33 30 1 3.61515264428e-05
33 31 0 0.000186211953343
33 31 1 0.00216987613866
33 32 0 0.00306163765251
33 32 1 0.000463030574491
33 34 0 0.000551337711262
33 34 1 0.00145097905174
33 35 0 0.00109686271388
33 35 1 0.00209202858912
34 0 0 0.00238183396633
34 0 1 0.000209046651668
34 1 0 0.000195634663037
34 1 1 0.00646517856496
34 2 0 0.000714339082288
34 2 1 0.00294124844671
34 3 0 0.000350623684406
34 3 1 0.000424298717594
34 4 0 0.00251818752454
34 4 1 4.66668254612e-05
34 5 0 0.000170804478941
34 5 1 1.20211305906e-06
34 6 0 0.000376889866612
34 6 1 0.00247851092239
34 7 0 0.000738463554896
34 7 1 0.0065604557791
34 8 0 0.00277338786225
34 8 1 0.000243737852746
34 9 0 0.000177702816075
34 9 1 2.48620419252e-05
34 10 0 0.000179552610381
34 10 1 0.000480633600619
34 11 0 0.00656427016634
34 11 1 0.00166363994466
34 12 0 0.000282415703126
34 12 1 0.000182730239874
34 13 0 0.00559638065955
34 13 1 0.00188744092645
34 14 0 0.000818866687345
34 14 1 0.0198923420547
34 15 0 0.00393859700679
34 15 1 0.00246268770521
34 16 0 0.00138827994399
34 16 1 0.00586453134401
34 17 0 7.8656728778e-06
34 17 1 7.79329701222e-05
34 18 0 3.39688256249e-05
34 18 1 0.000106301634375
34 19 0 4.6209097535e-05
34 19 1 0.000826713541465
34 20 0 0.00592536832291
34 20 1 0.00243313715409
34 21 0 0.00505967150843
34 21 1 0.000389265311567
34 22 0 0.0004435409297
34 22 1 0.0002593301243
34 23 0 0.000146884857754
34 23 1 0.000140770208246
34 24 0 0.00308401939454
34 24 1 0.00062525148546
34 25 0 0.000217104850501
34 25 1 0.000164255358499
34 26 0 6.79857535871e-05
34 26 1 1.00957614129e-05
34 27 0 3.71110124675e-05
34 27 1 0.000877572378533
34 28 0 0.0140051442388
34 28 1 0.00334791492725
34 29 0 0.00724540668496
34 29 1 0.00307627869404
34 30 0 0.000771351841355
34 30 1 0.000221330296645
34 31 0 0.00237829802367
34 31 1 0.00028441541433
34 32 0 0.00134351423879
34 32 1 0.00263986035821
34 33 0 0.0108021003959
34 33 1 0.000881438193078
34 35 0 0.00125208628885
34 35 1 0.00235181279915
35 0 0 0.000697367775995
35 0 1 0.000156464098005
35 1 0 0.0014927410503
35 1 1 0.000702348371702
35 2 0 0.000499654194342
35 2 1 0.000705054786658
35 3 0 1.79865334651e-06
35 3 1 0.000253579167653
35 4 0 0.000124553417505
35 4 1 0.000720701427495
35 5 0 2.89814529365e-05
35 5 1 2.77037950635e-05
35 6 0 0.000337295426335
35 6 1 0.000603709800665
35 7 0 0.00202081061454
35 7 1 0.000384568439458
35 8 0 0.000197051048078
35 8 1 0.000797251075922
35 9 0 6.52713761562e-05
35 9 1 1.48443284377e-06
35 10 0 0.00014650283628
35 10 1 7.10633557197e-05
35 11 0 0.00101677175674
35 11 1 0.00169475877726
35 12 0 1.8543016484e-05
35 12 1 0.000134747115516
35 13 0 0.00120222209961
35 13 1 0.00126409200339
35 14 0 0.0024600863223
35 14 1 0.0043653498017
35 15 0 0.00180132790207
35 15 1 0.000308233179927
35 16 0 0.00070822303229
35 16 1 0.00168196098771
35 17 0 1.83323524438e-05
35 17 1 9.94282755619e-06
35 18 0 2.97904238553e-05
35 18 1 1.64360941447e-05
35 19 0 0.000267542848687
35 19 1 2.0131221313e-05
35 20 0 0.00206754190547
35 20 1 0.000687026692533
35 21 0 0.0016765907585
35 21 1 0.000119121441504
35 22 0 0.000199909150972
35 22 1 3.17239490276e-05
35 23 0 3.47760714211e-05
35 23 1 6.00214515789e-05
35 24 0 0.000260077733626
35 24 1 0.000962322744374
35 25 0 6.48581013092e-05
35 25 1 6.08202106908e-05
35 26 0 7.85587112836e-06
35 26 1 1.78761078716e-05
35 27 0 0.000194045545307
35 27 1 0.000107390895693
35 28 0 0.0056493063815
35 28 1 6.94422615041e-05
35 29 0 0.00077100081314
35 29 1 0.00263053915186
35 30 0 0.000229445174102
35 30 1 9.76959698982e-05
35 31 0 0.000640264005876
35 31 1 0.000237240572124
35 32 0 0.00026694977559
35 32 1 0.00104578234041
35 33 0 0.00291939564822
35 33 1 0.000930946808779
35 34 0 0.00069335385634
35 34 1 5.23916586601e-05
